------------------------------------------------------------
 solve gen=8e22 reg.gen=1 dir.gen=x
------------------------------------------------------------
Position (um), Electron Concentration (/cm3)
                   0,         1102.8197661
   0.000128205124966,        47097079.0097
   0.000256410249933,        94193055.1997
   0.000384615374899,        140064976.672
   0.000512820499866,        185936898.145
   0.000641025624832,        230584764.901
   0.000769230749798,        275232631.657
   0.000897435874765,        318656443.697
    0.00102564099973,        362080255.737
     0.0011538461247,         404280013.06
    0.00128205124966,        446479770.384
    0.00141025637463,        487455472.992
     0.0015384614996,        528431175.601
    0.00166666662456,        568182823.493
    0.00179487174953,        607934471.386
     0.0019230768745,        646462064.564
    0.00205128199946,        684989657.742
    0.00217948712443,        722293196.204
     0.0023076922494,        759596734.667
    0.00243589737436,        795676218.414
    0.00256410249933,        831755702.162
    0.00269230762429,        866611131.194
    0.00282051274926,        901466560.227
    0.00294871787423,        935097934.544
    0.00307692299919,        968729308.862
    0.00320512812416,        1001136628.46
    0.00333333324913,        1033543948.07
    0.00346153837409,        1064727212.95
    0.00358974349906,        1095910477.84
    0.00371794862403,        1125869688.01
    0.00384615374899,        1155828898.18
    0.00397435887396,        1184564053.64
    0.00410256399892,         1213299209.1
    0.00423076912389,        1240810309.84
    0.00435897424886,        1268321410.58
    0.00448717937382,         1294608456.6
    0.00461538449879,        1320895502.63
    0.00474358962376,        1345958493.93
    0.00487179474872,        1371021485.24
    0.00499999987369,        1394860421.83
    0.00512820499866,        1418699358.43
    0.00525641012362,         1441314240.3
    0.00538461524859,        1463929122.17
    0.00551282037355,        1485319949.33
    0.00564102549852,        1506710776.49
    0.00576923062349,        1526877548.93
    0.00589743574845,        1547044321.37
    0.00602564087342,        1565987039.09
    0.00615384599839,        1584929756.81
    0.00628205112335,        1602648419.82
    0.00641025624832,        1620367082.82
    0.00653846137329,        1636861691.11
    0.00666666649825,        1653356299.39
    0.00679487162322,        1668626852.96
    0.00692307674819,        1683897406.52
    0.00705128187315,        1697943905.37
    0.00717948699812,        1711990404.22
    0.00730769212308,        1724812848.34
    0.00743589724805,        1737635292.47
    0.00756410237302,        1749233681.88
    0.00769230749798,        1760832071.29
    0.00782051262295,        1771206405.97
    0.00794871774792,        1781580740.66
    0.00807692287288,        1790731020.63
    0.00820512799785,        1799881300.59
    0.00833333312282,        1807807525.84
    0.00846153824778,        1815733751.08
    0.00858974337275,         1822435921.6
    0.00871794849771,        1829138092.13
    0.00884615362268,        1834616207.93
    0.00897435874765,        1840094323.73
    0.00910256387261,        1844348384.81
    0.00923076899758,        1848602445.89
    0.00935897412255,        1851632452.24
    0.00948717924751,         1854662458.6
    0.00961538437248,        1856468410.23
    0.00974358949745,        1858274361.86
    0.00987179462241,        1858856258.77
    0.00999999974738,        1859438155.68
     0.0349687491166,        1853570523.87
     0.0599374984859,        1847702892.06
     0.0849062478551,        1841836322.48
      0.109874997224,         1835969752.9
      0.134843746594,        1830104248.18
      0.159812495963,        1824238743.45
      0.184781245332,        1818374297.39
      0.209749994701,        1812509851.33
      0.234718744071,        1806646457.16
       0.25968749344,           1800783063
      0.284656242809,        1794920713.93
      0.309624992178,        1789058364.86
      0.334593741547,        1783197054.08
      0.359562490917,        1777335743.29
      0.384531240286,           1771475464
      0.409499989655,         1765615184.7
      0.434468739024,        1759755930.09
      0.459437488394,        1753896675.48
      0.484406237763,        1748038438.75
      0.509374987132,        1742180202.02
      0.534343736501,        1736322976.38
      0.559312485871,        1730465750.73
       0.58428123524,        1724609529.37
      0.609249984609,        1718753308.01
      0.634218733978,        1712898084.13
      0.659187483348,        1707042860.26
      0.684156232717,        1701188627.08
      0.709124982086,         1695334393.9
      0.734093731455,        1689481144.61
      0.759062480824,        1683627895.32
      0.784031230194,        1677775623.14
      0.808999979563,        1671923350.96
      0.833968728932,        1666072049.08
      0.858937478301,        1660220747.21
      0.883906227671,        1654370408.85
       0.90887497704,        1648520070.49
      0.933843726409,        1642670688.86
      0.958812475778,        1636821307.23
      0.983781225148,        1630972875.54
       1.00874997452,        1625124443.85
       1.03371872389,         1619276955.3
       1.05868747326,        1613429466.76
       1.08365622262,        1607582914.58
       1.10862497199,         1601736362.4
       1.13359372136,         1595890739.8
       1.15856247073,        1590045117.19
        1.1835312201,        1584200417.38
       1.20849996947,        1578355717.56
       1.23346871884,        1572511933.76
       1.25843746821,        1566668149.95
       1.28340621758,        1560825275.37
       1.30837496695,        1554982400.79
       1.33334371632,        1549140428.65
       1.35831246569,        1543298456.51
       1.38328121506,        1537457380.03
       1.40824996442,        1531616303.55
       1.43321871379,        1525776115.95
       1.45818746316,        1519935928.35
       1.48315621253,        1514096622.86
        1.5081249619,        1508257317.36
       1.53309371127,        1502418887.19
       1.55806246064,        1496580457.02
       1.58303121001,         1490742895.4
       1.60799995938,        1484905333.78
       1.63296870875,        1479068633.93
       1.65793745812,        1473231934.08
       1.68290620749,        1467396089.23
       1.70787495686,        1461560244.38
       1.73284370622,        1455725247.75
       1.75781245559,        1449890251.12
       1.78278120496,        1444056095.95
       1.80774995433,        1438221940.77
        1.8327187037,        1432388620.28
       1.85768745307,        1426555299.78
       1.88265620244,        1420722807.19
       1.90762495181,         1414890314.6
       1.93259370118,        1409058643.16
       1.95756245055,        1403226971.71
       1.98253119992,        1397396114.63
       2.00749994929,        1391565257.55
       2.03246869866,        1385735208.08
       2.05743744802,         1379905158.6
       2.08240619739,        1374075909.96
       2.10737494676,        1368246661.32
       2.13234369613,        1362418206.75
        2.1573124455,        1356589752.17
       2.18228119487,        1350762084.91
       2.20724994424,        1344934417.64
       2.23221869361,        1339107530.91
       2.25718744298,        1333280644.18
       2.28215619235,        1327454531.23
       2.30712494172,        1321628418.28
       2.33209369109,        1315803072.34
       2.35706244046,        1309977726.41
       2.38203118982,        1304153140.72
       2.40699993919,        1298328555.04
       2.43196868856,        1292504722.84
       2.45693743793,        1286680890.65
        2.4819061873,        1280857805.19
       2.50687493667,        1275034719.73
       2.53184368604,        1269212374.24
       2.55681243541,        1263390028.75
       2.58178118478,        1257568416.48
       2.60674993415,        1251746804.21
       2.63171868352,        1245925918.39
       2.65668743289,        1240105032.58
       2.68165618226,        1234284866.46
       2.70662493162,        1228464700.35
       2.73159368099,        1222645247.18
       2.75656243036,        1216825794.02
       2.78153117973,        1211007047.04
        2.8064999291,        1205188300.06
       2.83146867847,        1199370252.52
       2.85643742784,        1193552204.99
       2.88140617721,        1187734850.13
       2.90637492658,        1181917495.28
       2.93134367595,        1176100826.36
       2.95631242532,        1170284157.43
       2.98128117469,        1164468167.69
       3.00624992406,        1158652177.95
       3.03121867342,        1152836860.64
       3.05618742279,        1147021543.33
       3.08115617216,         1141206891.7
       3.10612492153,        1135392240.06
        3.1310936709,        1129578247.36
       3.15606242027,        1123764254.66
       3.18103116964,        1117950914.15
       3.20599991901,        1112137573.63
       3.23096866838,        1106324878.54
       3.25593741775,        1100512183.46
       3.28090616712,        1094700127.07
       3.30587491649,        1088888070.67
       3.33084366586,        1083076646.22
       3.35581241523,        1077265221.77
       3.38078116459,        1071454422.51
       3.40574991396,        1065643623.25
       3.43071866333,        1059833442.45
        3.4556874127,        1054023261.65
       3.48065616207,        1048213692.55
       3.50562491144,        1042404123.45
       3.53059366081,        1036595159.32
       3.55556241018,        1030786195.19
       3.58053115955,        1024977829.28
       3.60549990892,        1019169463.38
       3.63046865829,        1013361688.95
       3.65543740766,        1007553914.52
       3.68040615703,        1001746724.83
       3.70537490639,        995939535.141
       3.73034365576,        990132923.451
       3.75531240513,        984326311.761
        3.7802811545,         978520271.33
       3.80524990387,        972714230.899
       3.83021865324,        966908754.988
       3.85518740261,        961103279.077
       3.88015615198,        955298360.948
       3.90512490135,        949493442.818
       3.93009365072,        943689075.733
       3.95506240009,        937884708.647
       3.98003114946,        932080885.868
       4.00499989883,        926277063.089
       4.02996864819,        920473777.879
       4.05493739756,         914670492.67
       4.07990614693,        908867738.295
        4.1048748963,         903064983.92
       4.12984364567,        897262753.643
       4.15481239504,        891460523.367
       4.17978114441,        885658810.454
       4.20474989378,        879857097.542
       4.22971864315,        874055895.259
       4.25468739252,        868254692.977
       4.27965614189,        862453994.591
       4.30462489126,        856653296.204
       4.32959364063,        850853094.982
       4.35456238999,        845052893.759
       4.37953113936,        839253182.967
       4.40449988873,        833453472.176
        4.4294686381,        827654245.084
       4.45443738747,        821855017.991
       4.47940613684,        816056267.867
       4.50437488621,        810257517.743
       4.52934363558,        804459237.856
       4.55431238495,         798660957.97
       4.57928113432,         792863141.59
       4.60424988369,        787065325.211
       4.62921863306,        781267965.609
       4.65418738243,        775470606.008
       4.67915613179,        769673696.455
       4.70412488116,        763876786.902
       4.72909363053,        758080320.669
        4.7540623799,        752283854.437
       4.77903112927,        746487824.796
       4.80399987864,        740691795.155
       4.82896862801,         734896195.38
       4.85393737738,        729100595.604
       4.87890612675,        723305418.965
       4.90387487612,        717510242.327
       4.92884362549,          711715482.1
       4.95381237486,        705920721.873
       4.97878112423,        700126371.331
       5.00374987359,        694332020.789
       5.02871862296,        688538073.206
       5.05368737233,        682744125.624
        5.0786561217,        676950574.276
       5.10362487107,        671157022.928
       5.12859362044,        665363861.089
       5.15356236981,        659570699.251
       5.17853111918,        653777920.199
       5.20349986855,        647985141.146
       5.22846861792,        642192738.155
       5.25343736729,        636400335.165
       5.27840611666,        630608301.512
       5.30337486603,         624816267.86
       5.32834361539,        619024596.824
       5.35331236476,        613232925.788
       5.37828111413,        607441610.644
        5.4032498635,        601650295.501
       5.42821861287,         595859329.53
       5.45318736224,        590068363.558
       5.47815611161,        584277740.035
       5.50312486098,        578487116.513
       5.52809361035,        572696828.719
       5.55306235972,        566906540.926
       5.57803110909,        561116582.139
       5.60299985846,        555326623.353
       5.62796860783,        549536986.854
       5.65293735719,        543747350.355
       5.67790610656,        537958029.422
       5.70287485593,         532168708.49
        5.7278436053,        526379696.405
       5.75281235467,         520590684.32
       5.77778110404,        514801974.363
       5.80274985341,        509013264.406
       5.82771860278,        503224849.858
       5.85268735215,         497436435.31
       5.87765610152,        491648309.452
       5.90262485089,        485860183.595
       5.92759360026,        480072339.709
       5.95256234963,        474284495.823
       5.97753109899,        468496927.191
       6.00249984836,        462709358.558
       6.02746859773,        456922058.463
        6.0524373471,        451134758.367
       6.07740609647,         445347720.09
       6.10237484584,        439560681.813
       6.12734359521,        433773898.638
       6.15231234458,        427987115.462
       6.17728109395,        422200580.672
       6.20224984332,        416414045.882
       6.22721859269,         410627752.76
       6.25218734206,        404841459.638
       6.27715609143,        399055401.469
       6.30212484079,        393269343.299
       6.32709359016,        387483513.366
       6.35206233953,        381697683.433
        6.3770310889,        375912075.021
       6.40199983827,        370126466.608
       6.42696858764,        364341073.001
       6.45193733701,        358555679.394
       6.47690608638,        352770493.877
       6.50187483575,         346985308.36
       6.52684358512,        341200324.218
       6.55181233449,        335415340.077
       6.57678108386,        329630550.595
       6.60174983323,        323845761.114
        6.6267185826,        318061159.579
       6.65168733196,        312276558.044
       6.67665608133,         306492137.74
        6.7016248307,        300707717.437
       6.72659358007,        294923471.651
       6.75156232944,        289139225.866
       6.77653107881,        283355147.884
       6.80149982818,        277571069.902
       6.82646857755,        271787153.011
       6.85143732692,         266003236.12
       6.87640607629,        260219473.605
       6.90137482566,        254435711.091
       6.92634357503,         248652096.24
        6.9513123244,        242868481.389
       6.97628107376,        237085007.489
       7.00124982313,        231301533.588
        7.0262185725,        225518193.926
       7.05118732187,        219734854.263
       7.07615607124,        213951642.125
       7.10112482061,        208168429.987
       7.12609356998,        202385338.661
       7.15106231935,        196602247.335
       7.17603106872,        190819270.109
       7.20099981809,        185036292.883
       7.22596856746,        179253423.044
       7.25093731683,        173470553.205
        7.2759060662,        167687784.041
       7.30087481556,        161905014.878
       7.32584356493,        156122339.677
        7.3508123143,        150339664.476
       7.37578106367,        144557076.526
       7.40074981304,        138774488.576
       7.42571856241,        132991981.166
       7.45068731178,        127209473.755
       7.47565606115,        121427040.171
       7.50062481052,        115644606.588
       7.52559355989,         109862240.12
       7.55056230926,        104079873.652
       7.57553105863,        98297567.5877
         7.600499808,        92515261.5236
       7.62546855736,        86733009.1517
       7.65043730673,        80950756.7799
        7.6754060561,        75168551.3888
       7.70037480547,        69386345.9978
       7.72534355484,         63604180.876
       7.75031230421,        57822015.7543
       7.77528105358,        52039884.1905
       7.80024980295,        46257752.6266
       7.82521855232,        40475647.9093
       7.85018730169,         34693543.192
       7.87515605106,        28911458.6099
       7.90012480043,        23129374.0277
        7.9250935498,        17347302.8695
       7.95006229916,        11565231.7112
       7.97503104853,        5783167.26548
        7.9999997979,         1102.8197661

