------------------------------------------------------------
 solve gen=2e22 reg.gen=1 dir.gen=x
------------------------------------------------------------
Position (um), Hole Charge Concentration (/cm3)
                   0,                9e+16
   0.000128205124966,    9.00000000245e+16
   0.000256410249933,     9.0000000049e+16
   0.000384615374899,    9.00000000727e+16
   0.000512820499866,    9.00000000964e+16
   0.000641025624832,    9.00000001192e+16
   0.000769230749798,    9.00000001421e+16
   0.000897435874765,    9.00000001641e+16
    0.00102564099973,    9.00000001862e+16
     0.0011538461247,    9.00000002074e+16
    0.00128205124966,    9.00000002287e+16
    0.00141025637463,    9.00000002491e+16
     0.0015384614996,    9.00000002695e+16
    0.00166666662456,    9.00000002892e+16
    0.00179487174953,    9.00000003088e+16
     0.0019230768745,    9.00000003276e+16
    0.00205128199946,    9.00000003465e+16
    0.00217948712443,    9.00000003645e+16
     0.0023076922494,    9.00000003826e+16
    0.00243589737436,    9.00000003998e+16
    0.00256410249933,    9.00000004171e+16
    0.00269230762429,    9.00000004336e+16
    0.00282051274926,      9.000000045e+16
    0.00294871787423,    9.00000004657e+16
    0.00307692299919,    9.00000004814e+16
    0.00320512812416,    9.00000004963e+16
    0.00333333324913,    9.00000005112e+16
    0.00346153837409,    9.00000005253e+16
    0.00358974349906,    9.00000005394e+16
    0.00371794862403,    9.00000005528e+16
    0.00384615374899,    9.00000005661e+16
    0.00397435887396,    9.00000005787e+16
    0.00410256399892,    9.00000005912e+16
    0.00423076912389,     9.0000000603e+16
    0.00435897424886,    9.00000006148e+16
    0.00448717937382,    9.00000006258e+16
    0.00461538449879,    9.00000006369e+16
    0.00474358962376,    9.00000006471e+16
    0.00487179474872,    9.00000006574e+16
    0.00499999987369,    9.00000006668e+16
    0.00512820499866,    9.00000006763e+16
    0.00525641012362,     9.0000000685e+16
    0.00538461524859,    9.00000006937e+16
    0.00551282037355,    9.00000007017e+16
    0.00564102549852,    9.00000007096e+16
    0.00576923062349,    9.00000007168e+16
    0.00589743574845,     9.0000000724e+16
    0.00602564087342,    9.00000007304e+16
    0.00615384599839,    9.00000007368e+16
    0.00628205112335,    9.00000007425e+16
    0.00641025624832,    9.00000007481e+16
    0.00653846137329,     9.0000000753e+16
    0.00666666649825,    9.00000007579e+16
    0.00679487162322,     9.0000000762e+16
    0.00692307674819,    9.00000007661e+16
    0.00705128187315,    9.00000007695e+16
    0.00717948699812,    9.00000007728e+16
    0.00730769212308,    9.00000007754e+16
    0.00743589724805,     9.0000000778e+16
    0.00756410237302,    9.00000007798e+16
    0.00769230749798,    9.00000007816e+16
    0.00782051262295,    9.00000007827e+16
    0.00794871774792,    9.00000007838e+16
    0.00807692287288,    9.00000007841e+16
    0.00820512799785,    9.00000007844e+16
    0.00833333312282,    9.00000007839e+16
    0.00846153824778,    9.00000007834e+16
    0.00858974337275,    9.00000007822e+16
    0.00871794849771,    9.00000007809e+16
    0.00884615362268,    9.00000007789e+16
    0.00897435874765,    9.00000007769e+16
    0.00910256387261,    9.00000007742e+16
    0.00923076899758,    9.00000007714e+16
    0.00935897412255,    9.00000007679e+16
    0.00948717924751,    9.00000007643e+16
    0.00961538437248,      9.000000076e+16
    0.00974358949745,    9.00000007557e+16
    0.00987179462241,    9.00000007506e+16
    0.00999999974738,    9.00000007455e+16
     0.0349687491166,    9.00000006129e+16
     0.0599374984859,    9.00000004803e+16
     0.0849062478551,    9.00000004703e+16
      0.109874997224,    9.00000004602e+16
      0.134843746594,    9.00000004582e+16
      0.159812495963,    9.00000004561e+16
      0.184781245332,    9.00000004546e+16
      0.209749994701,    9.00000004531e+16
      0.234718744071,    9.00000004517e+16
       0.25968749344,    9.00000004502e+16
      0.284656242809,    9.00000004487e+16
      0.309624992178,    9.00000004473e+16
      0.334593741547,    9.00000004458e+16
      0.359562490917,    9.00000004443e+16
      0.384531240286,    9.00000004429e+16
      0.409499989655,    9.00000004414e+16
      0.434468739024,    9.00000004399e+16
      0.459437488394,    9.00000004385e+16
      0.484406237763,     9.0000000437e+16
      0.509374987132,    9.00000004355e+16
      0.534343736501,    9.00000004341e+16
      0.559312485871,    9.00000004326e+16
       0.58428123524,    9.00000004312e+16
      0.609249984609,    9.00000004297e+16
      0.634218733978,    9.00000004282e+16
      0.659187483348,    9.00000004268e+16
      0.684156232717,    9.00000004253e+16
      0.709124982086,    9.00000004238e+16
      0.734093731455,    9.00000004224e+16
      0.759062480824,    9.00000004209e+16
      0.784031230194,    9.00000004194e+16
      0.808999979563,     9.0000000418e+16
      0.833968728932,    9.00000004165e+16
      0.858937478301,    9.00000004151e+16
      0.883906227671,    9.00000004136e+16
       0.90887497704,    9.00000004121e+16
      0.933843726409,    9.00000004107e+16
      0.958812475778,    9.00000004092e+16
      0.983781225148,    9.00000004077e+16
       1.00874997452,    9.00000004063e+16
       1.03371872389,    9.00000004048e+16
       1.05868747326,    9.00000004034e+16
       1.08365622262,    9.00000004019e+16
       1.10862497199,    9.00000004004e+16
       1.13359372136,     9.0000000399e+16
       1.15856247073,    9.00000003975e+16
        1.1835312201,    9.00000003961e+16
       1.20849996947,    9.00000003946e+16
       1.23346871884,    9.00000003931e+16
       1.25843746821,    9.00000003917e+16
       1.28340621758,    9.00000003902e+16
       1.30837496695,    9.00000003887e+16
       1.33334371632,    9.00000003873e+16
       1.35831246569,    9.00000003858e+16
       1.38328121506,    9.00000003844e+16
       1.40824996442,    9.00000003829e+16
       1.43321871379,    9.00000003814e+16
       1.45818746316,      9.000000038e+16
       1.48315621253,    9.00000003785e+16
        1.5081249619,    9.00000003771e+16
       1.53309371127,    9.00000003756e+16
       1.55806246064,    9.00000003741e+16
       1.58303121001,    9.00000003727e+16
       1.60799995938,    9.00000003712e+16
       1.63296870875,    9.00000003698e+16
       1.65793745812,    9.00000003683e+16
       1.68290620749,    9.00000003668e+16
       1.70787495686,    9.00000003654e+16
       1.73284370622,    9.00000003639e+16
       1.75781245559,    9.00000003625e+16
       1.78278120496,     9.0000000361e+16
       1.80774995433,    9.00000003596e+16
        1.8327187037,    9.00000003581e+16
       1.85768745307,    9.00000003566e+16
       1.88265620244,    9.00000003552e+16
       1.90762495181,    9.00000003537e+16
       1.93259370118,    9.00000003523e+16
       1.95756245055,    9.00000003508e+16
       1.98253119992,    9.00000003493e+16
       2.00749994929,    9.00000003479e+16
       2.03246869866,    9.00000003464e+16
       2.05743744802,     9.0000000345e+16
       2.08240619739,    9.00000003435e+16
       2.10737494676,    9.00000003421e+16
       2.13234369613,    9.00000003406e+16
        2.1573124455,    9.00000003391e+16
       2.18228119487,    9.00000003377e+16
       2.20724994424,    9.00000003362e+16
       2.23221869361,    9.00000003348e+16
       2.25718744298,    9.00000003333e+16
       2.28215619235,    9.00000003319e+16
       2.30712494172,    9.00000003304e+16
       2.33209369109,     9.0000000329e+16
       2.35706244046,    9.00000003275e+16
       2.38203118982,     9.0000000326e+16
       2.40699993919,    9.00000003246e+16
       2.43196868856,    9.00000003231e+16
       2.45693743793,    9.00000003217e+16
        2.4819061873,    9.00000003202e+16
       2.50687493667,    9.00000003188e+16
       2.53184368604,    9.00000003173e+16
       2.55681243541,    9.00000003158e+16
       2.58178118478,    9.00000003144e+16
       2.60674993415,    9.00000003129e+16
       2.63171868352,    9.00000003115e+16
       2.65668743289,      9.000000031e+16
       2.68165618226,    9.00000003086e+16
       2.70662493162,    9.00000003071e+16
       2.73159368099,    9.00000003057e+16
       2.75656243036,    9.00000003042e+16
       2.78153117973,    9.00000003028e+16
        2.8064999291,    9.00000003013e+16
       2.83146867847,    9.00000002998e+16
       2.85643742784,    9.00000002984e+16
       2.88140617721,    9.00000002969e+16
       2.90637492658,    9.00000002955e+16
       2.93134367595,     9.0000000294e+16
       2.95631242532,    9.00000002926e+16
       2.98128117469,    9.00000002911e+16
       3.00624992406,    9.00000002897e+16
       3.03121867342,    9.00000002882e+16
       3.05618742279,    9.00000002868e+16
       3.08115617216,    9.00000002853e+16
       3.10612492153,    9.00000002838e+16
        3.1310936709,    9.00000002824e+16
       3.15606242027,    9.00000002809e+16
       3.18103116964,    9.00000002795e+16
       3.20599991901,     9.0000000278e+16
       3.23096866838,    9.00000002766e+16
       3.25593741775,    9.00000002751e+16
       3.28090616712,    9.00000002737e+16
       3.30587491649,    9.00000002722e+16
       3.33084366586,    9.00000002708e+16
       3.35581241523,    9.00000002693e+16
       3.38078116459,    9.00000002679e+16
       3.40574991396,    9.00000002664e+16
       3.43071866333,     9.0000000265e+16
        3.4556874127,    9.00000002635e+16
       3.48065616207,    9.00000002621e+16
       3.50562491144,    9.00000002606e+16
       3.53059366081,    9.00000002591e+16
       3.55556241018,    9.00000002577e+16
       3.58053115955,    9.00000002562e+16
       3.60549990892,    9.00000002548e+16
       3.63046865829,    9.00000002533e+16
       3.65543740766,    9.00000002519e+16
       3.68040615703,    9.00000002504e+16
       3.70537490639,     9.0000000249e+16
       3.73034365576,    9.00000002475e+16
       3.75531240513,    9.00000002461e+16
        3.7802811545,    9.00000002446e+16
       3.80524990387,    9.00000002432e+16
       3.83021865324,    9.00000002417e+16
       3.85518740261,    9.00000002403e+16
       3.88015615198,    9.00000002388e+16
       3.90512490135,    9.00000002374e+16
       3.93009365072,    9.00000002359e+16
       3.95506240009,    9.00000002345e+16
       3.98003114946,     9.0000000233e+16
       4.00499989883,    9.00000002316e+16
       4.02996864819,    9.00000002301e+16
       4.05493739756,    9.00000002287e+16
       4.07990614693,    9.00000002272e+16
        4.1048748963,    9.00000002258e+16
       4.12984364567,    9.00000002243e+16
       4.15481239504,    9.00000002229e+16
       4.17978114441,    9.00000002214e+16
       4.20474989378,      9.000000022e+16
       4.22971864315,    9.00000002185e+16
       4.25468739252,    9.00000002171e+16
       4.27965614189,    9.00000002156e+16
       4.30462489126,    9.00000002142e+16
       4.32959364063,    9.00000002127e+16
       4.35456238999,    9.00000002113e+16
       4.37953113936,    9.00000002098e+16
       4.40449988873,    9.00000002084e+16
        4.4294686381,    9.00000002069e+16
       4.45443738747,    9.00000002055e+16
       4.47940613684,     9.0000000204e+16
       4.50437488621,    9.00000002026e+16
       4.52934363558,    9.00000002011e+16
       4.55431238495,    9.00000001997e+16
       4.57928113432,    9.00000001982e+16
       4.60424988369,    9.00000001968e+16
       4.62921863306,    9.00000001953e+16
       4.65418738243,    9.00000001939e+16
       4.67915613179,    9.00000001924e+16
       4.70412488116,     9.0000000191e+16
       4.72909363053,    9.00000001895e+16
        4.7540623799,    9.00000001881e+16
       4.77903112927,    9.00000001866e+16
       4.80399987864,    9.00000001852e+16
       4.82896862801,    9.00000001837e+16
       4.85393737738,    9.00000001823e+16
       4.87890612675,    9.00000001808e+16
       4.90387487612,    9.00000001794e+16
       4.92884362549,    9.00000001779e+16
       4.95381237486,    9.00000001765e+16
       4.97878112423,     9.0000000175e+16
       5.00374987359,    9.00000001736e+16
       5.02871862296,    9.00000001721e+16
       5.05368737233,    9.00000001707e+16
        5.0786561217,    9.00000001692e+16
       5.10362487107,    9.00000001678e+16
       5.12859362044,    9.00000001663e+16
       5.15356236981,    9.00000001649e+16
       5.17853111918,    9.00000001634e+16
       5.20349986855,     9.0000000162e+16
       5.22846861792,    9.00000001605e+16
       5.25343736729,    9.00000001591e+16
       5.27840611666,    9.00000001577e+16
       5.30337486603,    9.00000001562e+16
       5.32834361539,    9.00000001548e+16
       5.35331236476,    9.00000001533e+16
       5.37828111413,    9.00000001519e+16
        5.4032498635,    9.00000001504e+16
       5.42821861287,     9.0000000149e+16
       5.45318736224,    9.00000001475e+16
       5.47815611161,    9.00000001461e+16
       5.50312486098,    9.00000001446e+16
       5.52809361035,    9.00000001432e+16
       5.55306235972,    9.00000001417e+16
       5.57803110909,    9.00000001403e+16
       5.60299985846,    9.00000001388e+16
       5.62796860783,    9.00000001374e+16
       5.65293735719,    9.00000001359e+16
       5.67790610656,    9.00000001345e+16
       5.70287485593,     9.0000000133e+16
        5.7278436053,    9.00000001316e+16
       5.75281235467,    9.00000001301e+16
       5.77778110404,    9.00000001287e+16
       5.80274985341,    9.00000001273e+16
       5.82771860278,    9.00000001258e+16
       5.85268735215,    9.00000001244e+16
       5.87765610152,    9.00000001229e+16
       5.90262485089,    9.00000001215e+16
       5.92759360026,      9.000000012e+16
       5.95256234963,    9.00000001186e+16
       5.97753109899,    9.00000001171e+16
       6.00249984836,    9.00000001157e+16
       6.02746859773,    9.00000001142e+16
        6.0524373471,    9.00000001128e+16
       6.07740609647,    9.00000001113e+16
       6.10237484584,    9.00000001099e+16
       6.12734359521,    9.00000001084e+16
       6.15231234458,     9.0000000107e+16
       6.17728109395,    9.00000001056e+16
       6.20224984332,    9.00000001041e+16
       6.22721859269,    9.00000001027e+16
       6.25218734206,    9.00000001012e+16
       6.27715609143,    9.00000000998e+16
       6.30212484079,    9.00000000983e+16
       6.32709359016,    9.00000000969e+16
       6.35206233953,    9.00000000954e+16
        6.3770310889,     9.0000000094e+16
       6.40199983827,    9.00000000925e+16
       6.42696858764,    9.00000000911e+16
       6.45193733701,    9.00000000896e+16
       6.47690608638,    9.00000000882e+16
       6.50187483575,    9.00000000867e+16
       6.52684358512,    9.00000000853e+16
       6.55181233449,    9.00000000839e+16
       6.57678108386,    9.00000000824e+16
       6.60174983323,     9.0000000081e+16
        6.6267185826,    9.00000000795e+16
       6.65168733196,    9.00000000781e+16
       6.67665608133,    9.00000000766e+16
        6.7016248307,    9.00000000752e+16
       6.72659358007,    9.00000000737e+16
       6.75156232944,    9.00000000723e+16
       6.77653107881,    9.00000000708e+16
       6.80149982818,    9.00000000694e+16
       6.82646857755,    9.00000000679e+16
       6.85143732692,    9.00000000665e+16
       6.87640607629,    9.00000000651e+16
       6.90137482566,    9.00000000636e+16
       6.92634357503,    9.00000000622e+16
        6.9513123244,    9.00000000607e+16
       6.97628107376,    9.00000000593e+16
       7.00124982313,    9.00000000578e+16
        7.0262185725,    9.00000000564e+16
       7.05118732187,    9.00000000549e+16
       7.07615607124,    9.00000000535e+16
       7.10112482061,     9.0000000052e+16
       7.12609356998,    9.00000000506e+16
       7.15106231935,    9.00000000492e+16
       7.17603106872,    9.00000000477e+16
       7.20099981809,    9.00000000463e+16
       7.22596856746,    9.00000000448e+16
       7.25093731683,    9.00000000434e+16
        7.2759060662,    9.00000000419e+16
       7.30087481556,    9.00000000405e+16
       7.32584356493,     9.0000000039e+16
        7.3508123143,    9.00000000376e+16
       7.37578106367,    9.00000000361e+16
       7.40074981304,    9.00000000347e+16
       7.42571856241,    9.00000000332e+16
       7.45068731178,    9.00000000318e+16
       7.47565606115,    9.00000000304e+16
       7.50062481052,    9.00000000289e+16
       7.52559355989,    9.00000000275e+16
       7.55056230926,     9.0000000026e+16
       7.57553105863,    9.00000000246e+16
         7.600499808,    9.00000000231e+16
       7.62546855736,    9.00000000217e+16
       7.65043730673,    9.00000000202e+16
        7.6754060561,    9.00000000188e+16
       7.70037480547,    9.00000000173e+16
       7.72534355484,    9.00000000159e+16
       7.75031230421,    9.00000000145e+16
       7.77528105358,     9.0000000013e+16
       7.80024980295,    9.00000000116e+16
       7.82521855232,    9.00000000101e+16
       7.85018730169,    9.00000000087e+16
       7.87515605106,    9.00000000072e+16
       7.90012480043,    9.00000000058e+16
        7.9250935498,    9.00000000043e+16
       7.95006229916,    9.00000000029e+16
       7.97503104853,    9.00000000014e+16
        7.9999997979,                9e+16

