377.484,
	180.756,
	60.084,
	-12.665,
	-55.768,
	-79.125,
	-90.745,
	-94.848,
	-94.279,
	-91.334,
	-86.416,
	-81.070,
	-75.255,
	-69.661,
	-63.873,
	-58.445,
	-53.108,
	-48.386,
	-43.838,
	-39.442,
	-35.347,
	-31.568,
	-28.050,
	-24.637,
	-21.624,
	-18.547,
	-15.942,
	-13.589,
	-11.304,
	-9.178,
	-7.200,
	-5.118,
	-3.407,
	-1.815,
	-0.369,
	1.214,
	2.356,
	3.545,
	4.686,
	5.782,
	6.771,
	7.727,
	8.585,
	9.315,
	10.094,
	10.684,
	11.503,
	12.208,
	12.595,
	12.979,
	13.638,
	13.987,
	14.444,
	14.871,
	15.271,
	15.647,
	15.861,


	2.077,
	3.863,
	2.594,
	2.274,
	1.904,
	1.484,
	2.017,
	1.504,
	0.947,
	1.346,
	0.703,
	1.019,
	-0.704,
	-0.466,
	-0.265,
	-1.099,
	-0.969,
	-1.873,
	-1.810,
	-1.778,
	-1.778,
	-1.807,
	-2.866,
	-1.953,
	-3.067,
	-3.208,
	-3.375,
	-3.567,
	-2.783,
	-4.023,
	-3.285,
	-3.570,
	-4.876,
	-6.203,
	-4.550,
	-5.917,
	-4.302,
	-4.706,
	-6.129,
	-6.568,
	-7.024,
	-5.497,
	-6.985,
	-6.489,
	-8.008,
	-5.541,
	-8.088,
	-6.649,
	-7.223,
	-7.809,
	-8.408,
	-8.020,
	-7.642,
	-8.277,
	-8.922,
	-8.578,
	-9.244,







.627,
	9.589,

9,


	-0.953,
	-0.878,
	-1.063,
	-0.963,
	-1.165,
	-1.112,
	-1.201,
	-1.157,
	-1.189,
	-1.255,
	-1.396,
	-1.371,
	-1.407,
	-1.604,
	-1.521,
	-1.628,
	-1.680,
	-1.675,
	-1.679,
	-1.692,
	-1.825,
	-1.952,



020,
	-0.020,
	-0.020,
	-0.020,
	0.980,
	-0.020,
	-0.020,

