------------------------------------------------------------
 solve init
------------------------------------------------------------
Position (um), Electron Concentration (/cm3)
                   0,       60255791172000
       1.88442206295,       60255791172000
        3.7688441259,       60255791172000
       5.65326618884,       60255791172000
       7.53768825179,       60255791172000
       9.42211031474,       60255791172000
       11.3065323777,       60255791172000
       13.1909544406,       60255791172000
       15.0753765036,       60255791172000
       16.9597985665,       60255791172000
       18.8442206295,       60255791172000
       20.7286426924,       60255791172000
       22.6130647554,       60255791172000
       24.4974868183,       60255791172000
       26.3819088813,       60255791172000
       28.2663309442,       60255791172000
       30.1507530072,       60255791172000
       32.0351750701,       60255791172000
       33.9195971331,       60255791172000
        35.804019196,       60255791172000
        37.688441259,       60255791172000
       39.5728633219,       60255791172000
       41.4572853849,       60255791172000
       43.3417074478,       60255791172000
       45.2261295108,       60255791172000
       47.1105515737,       60255791172000
       48.9949736367,       60255791172000
       50.8793956996,       60255791172000
       52.7638177626,       60255791172000
       54.6482398255,       60255791172000
       56.5326618884,       60255791172000
       58.4170839514,       60255791172000
       60.3015060143,       60255791172000
       62.1859280773,       60255791172000
       64.0703501402,       60255791172000
       65.9547722032,       60255791172000
       67.8391942661,       60255791172000
       69.7236163291,       60255791172000
        71.608038392,       60255791172000
        73.492460455,       60255791172000
       75.3768825179,       60255791172000
       77.2613045809,       60255791172000
       79.1457266438,       60255791172000
       81.0301487068,       60255791172000
       82.9145707697,       60255791172000
       84.7989928327,       60255791172000
       86.6834148956,       60255791172000
       88.5678369586,       60255791172000
       90.4522590215,       60255791172000
       92.3366810845,       60255791172000
       94.2211031474,       60255791172000
       96.1055252104,       60255791172000
       97.9899472733,       60255791172000
       99.8743693363,       60255791172000
       101.758791399,       60255791172000
       103.643213462,       60255791172000
       105.527635525,       60255791172000
       107.412057588,       60255791172000
       109.296479651,       60255791172000
       111.180901714,       60255791172000
       113.065323777,       60255791172000
        114.94974584,       60255791172000
       116.834167903,       60255791172000
       118.718589966,       60255791172000
       120.603012029,       60255791172000
       122.487434092,       60255791172000
       124.371856155,       60255791172000
       126.256278218,       60255791172000
        128.14070028,       60255791172000
       130.025122343,       60255791172000
       131.909544406,       60255791172000
       133.793966469,       60255791172000
       135.678388532,       60255791172000
       137.562810595,       60255791172000
       139.447232658,       60255791172000
       141.331654721,       60255791172000
       143.216076784,       60255791172000
       145.100498847,       60255791172000
        146.98492091,       60255791172000
       148.869342973,       60255791172000
       150.753765036,       60255791172000
       152.638187099,       60255791172000
       154.522609162,       60255791172000
       156.407031225,       60255791172000
       158.291453288,       60255791172000
       160.175875351,       60255791172000
       162.060297414,       60255791172000
       163.944719476,       60255791172000
       165.829141539,       60255791172000
       167.713563602,       60255791172000
       169.597985665,       60255791172000
       171.482407728,       60255791172000
       173.366829791,       60255791172000
       175.251251854,       60255791172000
       177.135673917,       60255791172000
        179.02009598,       60255791172000
       180.904518043,       60255791172000
       182.788940106,       60255791172000
       184.673362169,       60255791172000
       186.557784232,       60255791172000
       188.442206295,       60255791172000
       190.326628358,       60255791172000
       192.211050421,       60255791172000
       194.095472484,       60255791172000
       195.979894547,       60255791172000
        197.86431661,       60255791172000
       199.748738673,       60255791172000
       201.633160735,       60255791172000
       203.517582798,       60255791172000
       205.402004861,       60255791172000
       207.286426924,       60255791172000
       209.170848987,       60255791172000
        211.05527105,       60255791172000
       212.939693113,       60255791172000
       214.824115176,       60255791172000
       216.708537239,       60255791172000
       218.592959302,       60255791172000
       220.477381365,       60255791172000
       222.361803428,       60255791172000
       224.246225491,       60255791172000
       226.130647554,       60255791172000
       228.015069617,       60255791172000
        229.89949168,       60255791172000
       231.783913743,       60255791172000
       233.668335806,       60255791172000
       235.552757869,       60255791172000
       237.437179931,       60255791172000
       239.321601994,       60255791172000
       241.206024057,       60255791172000
        243.09044612,       60255791172000
       244.974868183,       60255791172000
       246.859290246,       60255791172000
       248.743712309,       60255791172000
       250.628134372,       60255791172000
       252.512556435,       60255791172000
       254.396978498,       60255791172000
       256.281400561,       60255791172000
       258.165822624,       60255791172000
       260.050244687,       60255791172000
        261.93466675,       60255791172000
       263.819088813,       60255791172000
       265.703510876,       60255791172000
       267.587932939,       60255791172000
       269.472355002,       60255791172000
       271.356777065,       60255791172000
       273.241199127,       60255791172000
        275.12562119,       60255791172000
       277.010043253,       60255791172000
       278.894465316,       60255791172000
       280.778887379,       60255791172000
       282.663309442,       60255791172000
       284.547731505,       60255791172000
       286.432153568,       60255791172000
       288.316575631,       60255791172000
       290.200997694,       60255791172000
       292.085419757,       60255791172000
        293.96984182,       60255791172000
       295.854263883,       60255791172000
       297.738685946,       60255791172000
       299.623108009,       60255791172000
       301.507530072,       60255791172000
       303.391952135,       60255791172000
       305.276374198,       60255791172000
       307.160796261,       60255791172000
       309.045218324,       60255791172000
       310.929640386,       60255791172000
       312.814062449,       60255791172000
       314.698484512,       60255791172000
       316.582906575,       60255791172000
       318.467328638,       60255791172000
       320.351750701,       60255791172000
       322.236172764,       60255791172000
       324.120594827,       60255791172000
        326.00501689,       60255791172000
       327.889438953,       60255791172000
       329.773861016,       60255791172000
       331.658283079,       60255791172000
       333.542705142,       60255791172000
       335.427127205,       60255791172000
       337.311549268,       60255791172000
       339.195971331,       60255791172000
       341.080393394,       60255791172000
       342.964815457,       60255791172000
        344.84923752,       60255791172000
       346.733659582,       60255791172000
       348.618081645,       60255791172000
       350.502503708,       60255791172000
       352.386925771,       60255791172000
       354.271347834,       60255791172000
       356.155769897,       60255791172000
        358.04019196,       60255791172000
       359.924614023,       60255791172000
       361.809036086,       60255791172000
       363.693458149,       60255791172000
       365.577880212,       60255791172000
       367.462302275,       60255791172000
       369.346724338,       60255791172000
       371.231146401,       60255791172000
       373.115568464,       60255791172000
       374.999990527,       60255791172000

