------------------------------------------------------------
 solve gen=8e22 reg.gen=1 dir.gen=x
------------------------------------------------------------
Position (um), Electron Concentration (/cm3)
                   0,         1102.8197661
   0.000128205124966,        47113340.8768
   0.000256410249933,        94225578.9338
   0.000384615374899,        140114377.258
   0.000512820499866,        186003175.581
   0.000641025624832,        230668517.992
   0.000769230749798,        275333860.403
   0.000897435874765,         318775730.72
    0.00102564099973,        362217601.037
     0.0011538461247,         404435983.08
    0.00128205124966,        446654365.124
    0.00141025637463,        487649242.712
     0.0015384614996,        528644120.301
    0.00166666662456,        568415477.254
    0.00179487174953,        608186834.207
     0.0019230768745,        646734654.343
    0.00205128199946,        685282474.479
    0.00217948712443,        722606741.616
     0.0023076922494,        759931008.754
    0.00243589737436,        796031706.711
    0.00256410249933,        832132404.668
    0.00269230762429,        867009517.262
    0.00282051274926,        901886629.857
    0.00294871787423,        935540140.907
    0.00307692299919,        969193651.957
    0.00320512812416,        1001623545.28
    0.00333333324913,         1034053438.6
    0.00346153837409,        1065259698.01
    0.00358974349906,        1096465957.43
    0.00371794862403,        1126448566.74
    0.00384615374899,        1156431176.06
    0.00397435887396,        1185190119.11
    0.00410256399892,        1213949062.15
    0.00423076912389,        1241484322.73
    0.00435897424886,        1269019583.31
    0.00448717937382,        1295331145.25
    0.00461538449879,        1321642707.19
    0.00474358962376,         1346730554.3
    0.00487179474872,        1371818401.41
    0.00499999987369,        1395682517.51
    0.00512820499866,        1419546633.61
    0.00525641012362,        1442187002.51
    0.00538461524859,        1464827371.41
    0.00551282037355,        1486243976.93
    0.00564102549852,        1507660582.45
    0.00576923062349,         1527853408.4
    0.00589743574845,        1548046234.35
    0.00602564087342,        1567015264.56
    0.00615384599839,        1585984294.76
    0.00628205112335,        1603729513.02
    0.00641025624832,        1621474731.29
    0.00653846137329,        1637996121.43
    0.00666666649825,        1654517511.57
    0.00679487162322,        1669815057.41
    0.00692307674819,        1685112603.24
    0.00705128187315,        1699186288.58
    0.00717948699812,        1713259973.92
    0.00730769212308,        1726109782.58
    0.00743589724805,        1738959591.24
    0.00756410237302,        1750585507.03
    0.00769230749798,        1762211422.82
    0.00782051262295,        1772613429.56
    0.00794871774792,        1783015436.29
    0.00807692287288,        1792193517.79
    0.00820512799785,        1801371599.29
    0.00833333312282,        1809325739.35
    0.00846153824778,        1817279879.42
    0.00858974337275,        1824010061.87
    0.00871794849771,        1830740244.33
    0.00884615362268,        1836246452.97
    0.00897435874765,        1841752661.62
    0.00910256387261,        1846034880.28
    0.00923076899758,        1850317098.94
    0.00935897412255,        1853375311.42
    0.00948717924751,         1856433523.9
    0.00961538437248,        1858267714.01
    0.00974358949745,        1860101904.12
    0.00987179462241,        1860712055.67
    0.00999999974738,        1861322207.23
       1.18184372014,        1844393418.08
       2.35368744054,        1827464628.93
       3.52553116094,        1810843775.41
       4.69737488133,        1794222921.89
       5.86921860173,        1777904403.05
       7.04106232213,         1761585884.2
       8.21290604252,        1745564200.54
       9.38474976292,        1729542516.88
       10.5565934833,        1713812268.94
       11.7284372037,        1698082021.01
       12.9002809241,        1682637907.56
       14.0721246445,        1667193794.11
       15.2439683649,        1652030610.33
       16.4158120853,        1636867426.56
       17.5876558057,        1621980062.32
       18.7594995261,        1607092698.08
       19.9313432465,        1592476136.21
       21.1031869669,        1577859574.33
       22.2750306873,         1563508888.9
       23.4468744077,        1549158203.46
       24.6187181281,        1535068558.15
       25.7905618485,        1520978912.85
       26.9624055689,        1507145559.32
       28.1342492893,         1493312205.8
       29.3060930097,        1479730482.09
       30.4779367301,        1466148758.39
       31.6497804505,        1452814087.33
       32.8216241709,        1439479416.27
       33.9934678913,        1426387303.95
       35.1653116116,        1413295191.63
        36.337155332,        1400441225.89
       37.5089990524,        1387587260.15
       38.6808427728,        1374967109.07
       39.8526864932,           1362346958
       41.0245302136,        1349956368.49
        42.196373934,        1337565778.97
       43.3682176544,        1325400575.28
       44.5400613748,        1313235371.58
       45.7119050952,        1301291453.92
       46.8837488156,        1289347536.25
        48.055592536,        1277620879.41
       49.2274362564,        1265894222.56
       50.3992799768,        1254380874.54
       51.5711236972,        1242867526.51
       52.7429674176,        1231563607.21
        53.914811138,        1220259687.91
       55.0866548584,         1209161387.8
       56.2584985788,        1198063087.69
       57.4303422992,        1187166666.54
       58.6021860196,         1176270245.4
         59.77402974,        1165572031.02
       60.9458734604,        1154873816.63
       62.1177171808,        1144370203.62
       63.2895609012,        1133866590.61
       64.4614046216,        1123554039.15
        65.633248342,        1113241487.69
       66.8050920624,        1103116522.35
       67.9769357828,        1092991557.01
       69.1487795032,        1083050765.59
       70.3206232236,        1073109974.17
       71.4924669439,        1063350006.53
       72.6643106643,        1053590038.88
       73.8361543847,        1044007605.81
       75.0079981051,        1034425172.74
       76.1798418255,        1025017044.87
       77.3516855459,        1015608917.01
       78.5235292663,        1006371923.71
       79.6953729867,        997134930.422
       80.8672167071,        988065958.749
       82.0390604275,        978996987.075
       83.2109041479,         970092980.69
       84.3827478683,        961188974.305
       85.5545915887,        952446932.471
       86.7264353091,        943704890.638
       87.8982790295,        935121867.203
       89.0701227499,        926538843.768
       90.2419664703,        918111946.168
       91.4138101907,        909685048.568
       92.5856539111,        901411436.854
       93.7574976315,         893137825.14
       94.9293413519,        885014711.023
       96.1011850723,        876891596.905
       97.2730287927,        868916242.812
       98.4448725131,        860940888.718
       99.6167162335,         853110606.87
       100.788559954,        845280325.023
       101.960403674,        837592476.535
       103.132247395,        829904628.047
       104.304091115,        822356622.029
       105.475934835,        814808616.012
       106.647778556,        807397908.705
       107.819622276,        799987201.397
       108.991465997,        792711295.307
       110.163309717,        785435389.216
       111.335153437,        778291832.278
       112.506997158,        771148275.339
       113.678840878,        764134660.087
       114.850684599,        757121044.834
       116.022528319,        750235007.591
       117.194372039,        743348970.349
        118.36621576,         736588190.43
        119.53805948,        729827410.511
       120.709903201,        723189609.439
       121.881746921,        716551808.368
       123.053590641,        710034749.107
       124.225434362,        703517689.847
       125.397278082,        697119176.047
       126.569121803,        690720662.247
       127.740965523,        684438537.502
       128.912809243,        678156412.756
       130.084652964,        671988559.877
       131.256496684,        665820706.998
       132.428340405,        659765047.298
       133.600184125,        653709387.598
       134.772027845,        647763880.193
       135.943871566,        641818372.788
       137.115715286,        635981013.903
       138.287559007,        630143655.017
       139.459402727,        624412477.313
       140.631246447,        618681299.609
       141.803090168,        613054371.516
       142.974933888,        607427443.423
       144.146777609,        601902868.489
       145.318621329,        596378293.554
       146.490465049,        590954209.801
        147.66230877,        585530126.047
        148.83415249,        580204705.342
       150.005996211,        574879284.636
       151.177839931,         569650732.07
       152.349683651,        564422179.505
       153.521527372,        559288732.789
       154.693371092,        554155286.073
       155.865214813,        549115214.935
       157.037058533,        544075143.797
       158.208902253,        539126749.395
       159.380745974,        534178354.993
       160.552589694,        529319969.338
       161.724433414,        524461583.684
       162.896277135,        519691569.071
       164.068120855,        514921554.458
       165.239964576,        510238302.907
       166.411808296,        505555051.356
       167.583652016,        500956984.059
       168.755495737,        496358916.762
       169.927339457,        491844483.545
       171.099183178,        487330050.328
       172.271026898,        482897729.114
       173.442870618,          478465407.9
       174.614714339,        474113704.185
       175.786558059,         469762000.47
        176.95840178,        465489446.803
         178.1302455,        461216893.136
        179.30208922,        457022048.609
       180.473932941,        452827204.081
       181.645776661,        448708653.821
       182.817620382,        444590103.561
       183.989464102,        440546458.232
       185.161307822,        436502812.904
       186.333151543,        432532708.214
       187.504995263,        428562603.524
       188.676838984,        424664699.733
       189.848682704,        420766795.942
       191.020526424,        416939777.376
       192.192370145,        413112758.811
       193.364213865,         409355333.38
       194.536057586,         405597907.95
       195.707901306,        401908806.668
       196.879745026,        398219705.386
       198.051588747,        394597681.887
       199.223432467,        390975658.389
       200.395276188,        387419488.451
       201.567119908,        383863318.513
       202.738963628,        380371799.573
       203.910807349,        376880280.633
       205.082651069,        373452231.304
        206.25449479,        370024181.976
        207.42633851,        366658441.557
        208.59818223,        363292701.138
       209.770025951,        359988129.117
       210.941869671,        356683557.096
       212.113713392,        353439032.645
       213.285557112,        350194508.194
       214.457400832,        347008929.653
       215.629244553,        343823351.111
       216.801088273,        340695635.455
       217.972931994,        337567919.799
       219.144775714,        334497002.091
       220.316619434,        331426084.384
       221.488463155,        328410917.207
       222.660306875,         325395750.03
       223.832150596,        322435302.887
       225.003994316,        319474855.745
       226.175838036,        316568114.436
       227.347681757,        313661373.127
       228.519525477,        310807339.087
       229.691369198,        307953305.046
       230.863212918,        305150994.636
       232.035056638,        302348684.227
       233.206900359,        299597127.986
       234.378744079,        296845571.744
       235.550587799,        294143813.569
        236.72243152,        291442055.395
        237.89427524,        288789151.664
       239.066118961,        286136247.933
       240.237962681,        283531266.542
       241.409806401,        280926285.152
       242.581650122,        278368304.463
       243.753493842,        275810323.774
       244.925337563,        273298431.454
       246.097181283,        270786539.134
       247.269025003,        268319830.872
       248.440868724,         265853122.61
       249.612712444,         263430700.69
       250.784556165,        261008278.771
       251.956399885,         258629250.48
       253.128243605,         256250222.19
       254.300087326,        253913698.036
       255.471931046,        251577173.882
       256.643774767,        249282265.588
       257.815618487,        246987357.293
       258.987462207,         244733175.54
       260.159305928,        242478993.787
       261.331149648,        240264645.664
       262.502993369,        238050297.541
       263.674837089,        235874883.658
       264.846680809,        233699469.775
        266.01852453,        231562080.984
        267.19036825,        229424692.193
       268.362211971,        227324405.865
       269.534055691,        225224119.537
       270.705899411,        223159995.322
       271.877743132,        221095871.106
       273.049586852,        219066946.099
       274.221430573,        217038021.092
       275.393274293,        215043304.322
       276.565118013,        213048587.552
       277.736961734,        211087053.679
       278.908805454,        209125519.805
       280.080649175,        207196101.919
       281.252492895,        205266684.032
       282.424336615,        203368265.411
       283.596180336,        201469846.791
       284.768024056,        199601251.468
       285.939867777,        197732656.146
       287.111711497,          195892638.1
       288.283555217,        194052620.054
       289.455398938,        192239850.821
       290.627242658,        190427081.588
       291.799086379,        188640136.058
       292.970930099,        186853190.528
       294.142773819,        185090530.655
        295.31461754,        183327870.783
        296.48646126,        181587826.894
       297.658304981,        179847783.005
       298.830148701,        178128532.348
       300.001992421,        176409281.691
       301.173836142,        174708823.814
       302.345679862,        173008365.937
       303.517523583,        171324494.416
       304.689367303,        169640622.895
       305.861211023,        167970892.876
       307.033054744,        166301162.857
       308.204898464,        164642853.772
       309.376742184,        162984544.687
       310.548585905,        161334617.437
       311.720429625,        159684690.186
       312.892273346,         158039737.95
       314.064117066,        156394785.713
       315.235960786,        154750977.443
       316.407804507,        153107169.173
       317.579648227,        151460184.672
       318.751491948,        149813200.171
       319.923335668,        148158155.502
       321.095179388,        146503110.833
       322.267023109,        144834472.611
       323.438866829,        143165834.388
        324.61071055,        141477321.291
        325.78255427,        139788808.194
        326.95439799,        138073277.792
       328.126241711,        136357747.391
       329.298085431,        134607066.091
       330.469929152,        132856384.792
       331.641772872,        131061278.378
       332.813616592,        129266171.964
       333.985460313,        127416053.831
       335.157304033,        125565935.697
       336.329147754,        123648709.452
       337.500991474,        121731483.206
       338.672835194,        119733315.799
       339.844678915,        117735148.391
       341.016522635,        115640209.378
       342.188366356,        113545270.365
       343.360210076,        111335432.238
       344.532053796,        109125594.111
       345.703897517,        106780087.883
       346.875741237,        104434581.655
       348.047584958,        101929601.009
       349.219428678,         99424620.363
       350.391272398,        96732866.6863
       351.563116119,        94041113.0097
       352.734959839,        91131272.4765
        353.90680356,        88221431.9433
        355.07864728,        85057574.4957
          356.250491,        81893717.0482
       357.422334721,        78434605.6068
       358.594178441,        74975494.1654
       359.766022162,         71173790.656
       360.937865882,        67372087.1467
       362.109709602,        63173439.9292
       363.281553323,        58974792.7117
       364.453397043,        54316787.6906
       365.625240764,        49658782.6694
       366.797084484,        44469737.7206
       367.968928204,        39280692.7718
       369.140771925,        33478272.0771
       370.312615645,        27675851.3824
       371.484459366,        21165472.7651
       372.656303086,        14655094.1479
       373.828146806,        7328098.48381
       374.999990527,         1102.8197661

