------------------------------------------------------------
 solve gen=8e22 reg.gen=1 dir.gen=x
------------------------------------------------------------
Position (um), Electron Concentration (/cm3)
                   0,         1102.8197661
   0.000128205124966,        47125026.0764
   0.000256410249933,         94248949.333
   0.000384615374899,        140148202.768
   0.000512820499866,        186047456.204
   0.000641025624832,        230722056.014
   0.000769230749798,        275396655.824
   0.000897435874765,        318846618.205
    0.00102564099973,        362296580.587
     0.0011538461247,        404521921.735
    0.00128205124966,        446747262.883
    0.00141025637463,        487747998.994
     0.0015384614996,        528748735.105
    0.00166666662456,        568524882.374
    0.00179487174953,        608301029.643
     0.0019230768745,        646852604.264
    0.00205128199946,        685404178.886
    0.00217948712443,        722731197.055
     0.0023076922494,        760058215.224
    0.00243589737436,        796160693.135
    0.00256410249933,        832263171.047
    0.00269230762429,        867141124.894
    0.00282051274926,        902019078.742
    0.00294871787423,         935672524.72
    0.00307692299919,        969325970.698
    0.00320512812416,           1001754925
    0.00333333324913,         1034183879.3
    0.00346153837409,        1065388358.12
    0.00358974349906,        1096592836.94
    0.00371794862403,        1126572856.47
    0.00384615374899,           1156552876
    0.00397435887396,        1185308452.44
    0.00410256399892,        1214064028.87
    0.00423076912389,         1241595178.4
    0.00435897424886,        1269126327.93
    0.00448717937382,        1295433066.75
    0.00461538449879,        1321739805.57
    0.00474358962376,        1346822149.87
    0.00487179474872,        1371904494.17
    0.00499999987369,        1395762460.15
    0.00512820499866,        1419620426.12
    0.00525641012362,        1442254029.97
    0.00538461524859,        1464887633.81
    0.00551282037355,         1486296891.7
    0.00564102549852,         1507706149.6
    0.00576923062349,        1527891077.75
    0.00589743574845,        1548076005.89
    0.00602564087342,        1567036620.48
    0.00615384599839,        1585997235.06
    0.00628205112335,        1603733552.28
    0.00641025624832,        1621469869.49
    0.00653846137329,        1637981905.53
    0.00666666649825,        1654493941.57
    0.00679487162322,        1669781712.61
    0.00692307674819,        1685069483.66
    0.00705128187315,        1699133005.91
    0.00717948699812,        1713196528.16
    0.00730769212308,         1726035817.8
    0.00743589724805,        1738875107.45
    0.00756410237302,        1750490180.67
    0.00769230749798,        1762105253.89
    0.00782051262295,        1772496126.89
    0.00794871774792,        1782886999.88
    0.00807692287288,        1792053688.84
    0.00820512799785,        1801220377.79
    0.00833333312282,         1809162898.9
    0.00846153824778,           1817105420
    0.00858974337275,        1823823789.45
    0.00871794849771,        1830542158.89
    0.00884615362268,        1836036392.86
    0.00897435874765,        1841530626.83
    0.00910256387261,        1845800741.52
    0.00923076899758,         1850070856.2
    0.00935897412255,         1853116867.8
    0.00948717924751,        1856162879.39
    0.00961538437248,        1857984804.07
    0.00974358949745,        1859806728.75
    0.00987179462241,        1860404582.71
    0.00999999974738,        1861002436.68
       1.18184372014,        1740055706.46
       2.35368744054,        1619108976.25
       3.52553116094,        1513882934.23
       4.69737488133,        1408656892.21
       5.86921860173,        1317108159.63
       7.04106232213,        1225559427.04
       8.21290604252,        1145910223.57
       9.38474976292,         1066261020.1
       10.5565934833,         996964641.77
       11.7284372037,        927668263.443
       12.9002809241,        867379047.266
       14.0721246445,         807089831.09
       15.2439683649,        754637023.702
       16.4158120853,        702184216.314
       17.5876558057,        656549239.181
       18.7594995261,        610914262.048
       19.9313432465,        571210931.745
       21.1031869669,        531507601.442
       22.2750306873,        496964920.901
       23.4468744077,        462422240.361
       24.6187181281,        432369426.921
       25.7905618485,        402316613.481
       26.9624055689,         376170072.99
       28.1342492893,        350023532.499
       29.3060930097,        327275526.532
       30.4779367301,        304527520.565
       31.6497804505,        284736306.673
       32.8216241709,        264945092.782
       33.9934678913,        247726346.321
       35.1653116116,         230507599.86
        36.337155332,        215526950.808
       37.5089990524,        200546301.756
       38.6808427728,        187512841.596
       39.8526864932,        174479381.437
       41.0245302136,        163140014.022
        42.196373934,        151800646.607
       43.3682176544,        141935173.296
       44.5400613748,        132069699.986
       45.7119050952,        123486543.617
       46.8837488156,        114903387.249
        48.055592536,        107435871.914
       49.2274362564,        99968356.5792
       50.3992799768,        93471470.9485
       51.5711236972,        86974585.3178
       52.7429674176,        81322166.6748
        53.914811138,        75669748.0319
       55.0866548584,        70752032.3248
       56.2584985788,        65834316.6177
       57.4303422992,        61555806.9562
       58.6021860196,        57277297.2946
         59.77402974,        53554909.5005
       60.9458734604,        49832521.7064
       62.1177171808,        46593970.9058
       63.2895609012,        43355420.1053
       64.4614046216,        40537817.0324
        65.633248342,        37720213.9594
       66.8050920624,        35268843.7122
       67.9769357828,        32817473.4651
       69.1487795032,        30684732.9998
       70.3206232236,        28551992.5346
       71.4924669439,        26696466.2643
       72.6643106643,        24840939.9939
       73.8361543847,        23226595.5408
       75.0079981051,        21612251.0877
       76.1798418255,        20207739.5727
       77.3516855459,        18803228.0577
       78.5235292663,        17581275.3374
       79.6953729867,        16359322.6172
       80.8672167071,        15296199.6491
       82.0390604275,        14233076.6811
       83.2109041479,        13308138.7301
       84.3827478683,        12383200.7792
       85.5545915887,        11578486.5187
       86.7264353091,        10773772.2582
       87.8982790295,        10073654.9796
       89.0701227499,        9373537.70106
       90.2419664703,        8764421.85979
       91.4138101907,        8155306.01852
       92.5856539111,        7625363.22258
       93.7574976315,        7095420.42664
       94.9293413519,        6634359.74173
       96.1011850723,        6173299.05681
       97.2730287927,        5772167.16709
       98.4448725131,        5371035.27738
       99.6167162335,        5022042.62149
       100.788559954,         4673049.9656
       101.960403674,        4369419.47153
       103.132247395,        4065788.97745
       104.304091115,        3801624.45885
       105.475934835,        3537459.94025
       106.647778556,        3307631.59873
       107.819622276,         3077803.2572
       108.991465997,        2877848.06697
       110.163309717,        2677892.87674
       111.335153437,        2503927.91733
       112.506997158,        2329962.95792
       113.678840878,        2178610.01196
       114.850684599,        2027257.06599
       116.022528319,        1895577.01771
       117.194372039,        1763896.96942
        118.36621576,        1649332.73014
        119.53805948,        1534768.49085
       120.709903201,        1435095.34299
       121.881746921,        1335422.19512
       123.053590641,        1248704.59049
       124.225434362,        1161986.98586
       125.397278082,        1086540.95937
       126.569121803,        1011094.93289
       127.740965523,        945455.401704
       128.912809243,        879815.870519
       130.084652964,        822708.183663
       131.256496684,        765600.496807
       132.428340405,        715915.682795
       133.600184125,        666230.868783
       134.772027845,        623004.100549
       135.943871566,        579777.332315
       137.115715286,        542169.191283
       138.287559007,        504561.050251
       139.459402727,        471841.225702
       140.631246447,        439121.401153
       141.803090168,        410654.508358
       142.974933888,        382187.615564
       144.146777609,        357420.857277
       145.318621329,         332654.09899
       146.490465049,        311106.530703
        147.66230877,        289558.962416
        148.83415249,        270812.152921
       150.005996211,        252065.343427
       151.177839931,        235755.249321
       152.349683651,        219445.155215
       153.521527372,        205255.051557
       154.693371092,        191064.947898
       155.865214813,        178719.277741
       157.037058533,        166373.607584
       158.208902253,         155632.63095
       159.380745974,        144891.654316
       160.552589694,        135546.792695
       161.724433414,        126201.931075
       162.896277135,        118071.717051
       164.068120855,        109941.503028
       165.239964576,        102868.056368
       166.411808296,        95794.6097089
       167.583652016,        89640.5714978
       168.755495737,        83486.5332867
       169.927339457,        78132.3985578
       171.099183178,        72778.2638289
       172.271026898,        68120.0609045
       173.442870618,        63461.8579802
       174.614714339,          59409.12945
       175.786558059,        55356.4009198
        176.95840178,        51830.4470527
         178.1302455,        48304.4931855
        179.30208922,        45236.8436631
       180.473932941,        42169.1941407
       181.645776661,        39500.2784354
       182.817620382,        36831.3627301
       183.989464102,        34509.3533081
       185.161307822,        32187.3438862
       186.333151543,        30167.1497707
       187.504995263,        28146.9556552
       188.676838984,         26389.346807
       189.848682704,        24631.7379588
       191.020526424,          23102.58347
       192.192370145,        21573.4289812
       193.364213865,        20243.0342888
       194.536057586,        18912.6395964
       195.707901306,        17755.1698446
       196.879745026,        16597.7000929
       198.051588747,        15590.6784479
       199.223432467,        14583.6568029
       200.395276188,        13707.5279757
       201.567119908,        12831.3991485
       202.738963628,         12069.149652
       203.910807349,        11306.9001555
       205.082651069,        10643.7279202
        206.25449479,        9980.55568496
        207.42633851,         9403.5826186
        208.59818223,        8826.60955223
       209.770025951,        8324.63146033
       210.941869671,        7822.65336843
       212.113713392,        7385.92238082
       213.285557112,        6949.19139321
       214.457400832,        6569.22667051
       215.629244553,        6189.26194782
       216.801088273,        5858.68499246
       217.972931994,         5528.1080371
       219.144775714,        5240.49941061
       220.316619434,        4952.89078412
       221.488463155,        4702.66544836
       222.660306875,         4452.4401126
       223.832150596,        4234.73897418
       225.003994316,        4017.03783576
       226.175838036,        3827.63338754
       227.347681757,        3638.22893932
       228.519525477,        3473.44316664
       229.691369198,        3308.65739396
       230.863212918,        3165.29035148
       232.035056638,        3021.92330901
       233.206900359,        2897.19098111
       234.378744079,        2772.45865321
       235.550587799,        2663.93889132
        236.72243152,        2555.41912944
        237.89427524,        2461.00461649
       239.066118961,        2366.59010355
       240.237962681,        2284.44743205
       241.409806401,        2202.30476055
       242.581650122,        2130.83882977
       243.753493842,        2059.37289899
       244.925337563,        1997.19593976
       246.097181283,        1935.01898053
       247.269025003,        1880.92360624
       248.440868724,        1826.82823195
       249.612712444,        1779.76399238
       250.784556165,        1732.69975281
       251.956399885,        1691.75273548
       253.128243605,        1650.80571814
       254.300087326,        1615.18080108
       255.471931046,        1579.55588402
       256.643774767,        1548.56129539
       257.815618487,        1517.56670676
       258.987462207,        1490.60059133
       260.159305928,         1463.6344759
       261.331149648,        1440.17320769
       262.502993369,        1416.71193947
       263.674837089,        1396.29995346
       264.846680809,        1375.88796745
        266.01852453,        1358.12891303
        267.19036825,         1340.3698586
       268.362211971,        1324.91890283
       269.534055691,        1309.46794707
       270.705899411,        1296.02507842
       271.877743132,        1282.58220978
       273.049586852,        1270.88641224
       274.221430573,         1259.1906147
       275.393274293,        1249.01479909
       276.565118013,        1238.83898349
       277.736961734,        1229.98557767
       278.908805454,        1221.13217186
       280.080649175,         1213.4292841
       281.252492895,        1205.72639634
       282.424336615,        1199.02447735
       283.596180336,        1192.32255836
       284.768024056,        1186.49149721
       285.939867777,        1180.66043607
       287.111711497,        1175.58703363
       288.283555217,        1170.51363119
       289.455398938,        1166.09940187
       290.627242658,        1161.68517254
       291.799086379,        1157.84443184
       292.970930099,        1154.00369115
       294.142773819,        1150.66189179
        295.31461754,        1147.32009243
        296.48646126,         1144.4123767
       297.658304981,        1141.50466097
       298.830148701,         1138.9746013
       300.001992421,        1136.44454163
       301.173836142,         1134.2430448
       302.345679862,        1132.04154798
       303.517523583,        1130.12590184
       304.689367303,        1128.21025571
       305.861211023,        1126.54329975
       307.033054744,         1124.8763438
       308.204898464,        1123.42574752
       309.376742184,        1121.97515125
       310.548585905,         1120.7127864
       311.720429625,        1119.45042155
       312.892273346,        1118.35181586
       314.064117066,        1117.25321018
       315.235960786,        1116.29707221
       316.407804507,        1115.34093423
       317.579648227,        1114.50873988
       318.751491948,        1113.67654552
       319.923335668,        1112.95217835
       321.095179388,        1112.22781117
       322.267023109,        1111.59724943
       323.438866829,         1110.9666877
        324.61071055,         1110.4177321
        325.78255427,         1109.8687765
        326.95439799,        1109.39081328
       328.126241711,        1108.91285006
       329.298085431,        1108.49664492
       330.469929152,        1108.08043979
       331.641772872,        1107.71795859
       332.813616592,        1107.35547739
       333.985460313,        1107.03973014
       335.157304033,        1106.72398289
       336.329147754,        1106.44888802
       337.500991474,        1106.17379316
       338.672835194,        1105.93405948
       339.844678915,         1105.6943258
       341.016522635,        1105.48534971
       342.188366356,        1105.27637362
       343.360210076,        1105.09414978
       344.532053796,        1104.91192593
       345.703897517,        1104.75296947
       346.875741237,          1104.594013
       348.047584958,        1104.45529186
       349.219428678,        1104.31657072
       350.391272398,        1104.19544683
       351.563116119,        1104.07432293
       352.734959839,        1103.96850095
        353.90680356,        1103.86267897
        355.07864728,        1103.77016177
          356.250491,        1103.67764458
       357.422334721,        1103.59669446
       358.594178441,        1103.51574435
       359.766022162,        1103.44484934
       360.937865882,        1103.37395432
       362.109709602,         1103.3117988
       363.281553323,        1103.24964327
       364.453397043,        1103.19508247
       365.625240764,        1103.14052166
       366.797084484,        1103.09255943
       367.968928204,         1103.0445972
       369.140771925,        1103.00236674
       370.312615645,        1102.96013627
       371.484459366,        1102.92288323
       372.656303086,         1102.8856302
       373.828146806,        1102.85269815
       374.999990527,         1102.8197661

