------------------------------------------------------------
 solve gen=5e22 reg.gen=1 dir.gen=x
------------------------------------------------------------
Position (um), Electron Concentration (/cm3)
                   0,         1102.8197661
   0.000128205124966,        29451700.9409
   0.000256410249933,         58902299.062
   0.000384615374899,        87587862.9829
   0.000512820499866,        116273426.904
   0.000641025624832,        144193956.625
   0.000769230749798,        172114486.346
   0.000897435874765,        199269981.868
    0.00102564099973,         226425477.39
     0.0011538461247,        252815938.713
    0.00128205124966,        279206400.035
    0.00141025637463,        304831827.159
     0.0015384614996,        330457254.284
    0.00166666662456,        355317647.209
    0.00179487174953,        380178040.135
     0.0019230768745,        404273398.862
    0.00205128199946,         428368757.59
    0.00217948712443,        451699082.119
     0.0023076922494,        475029406.649
    0.00243589737436,         497594696.98
    0.00256410249933,        520159987.312
    0.00269230762429,        541960243.446
    0.00282051274926,         563760499.58
    0.00294871787423,        584795721.517
    0.00307692299919,        605830943.453
    0.00320512812416,        626101131.192
    0.00333333324913,        646371318.932
    0.00346153837409,        665876472.474
    0.00358974349906,        685381626.016
    0.00371794862403,         704121745.36
    0.00384615374899,        722861864.705
    0.00397435887396,        740836949.853
    0.00410256399892,        758812035.001
    0.00423076912389,        776022085.951
    0.00435897424886,        793232136.902
    0.00448717937382,        809677153.655
    0.00461538449879,        826122170.409
    0.00474358962376,        841802152.966
    0.00487179474872,        857482135.522
    0.00499999987369,        872397083.882
    0.00512820499866,        887312032.241
    0.00525641012362,        901461946.404
    0.00538461524859,        915611860.566
    0.00551282037355,        928996740.531
    0.00564102549852,        942381620.497
    0.00576923062349,        955001466.265
    0.00589743574845,        967621312.033
    0.00602564087342,        979476123.604
    0.00615384599839,        991330935.175
    0.00628205112335,        1002420712.55
    0.00641025624832,        1013510489.92
    0.00653846137329,         1023835233.1
    0.00666666649825,        1034159976.27
    0.00679487162322,        1043719685.25
    0.00692307674819,        1053279394.23
    0.00705128187315,        1062074069.01
    0.00717948699812,        1070868743.79
    0.00730769212308,        1078898384.38
    0.00743589724805,        1086928024.96
    0.00756410237302,        1094192631.35
    0.00769230749798,        1101457237.73
    0.00782051262295,        1107956809.92
    0.00794871774792,        1114456382.11
    0.00807692287288,         1120190920.1
    0.00820512799785,        1125925458.08
    0.00833333312282,        1130894961.88
    0.00846153824778,        1135864465.67
    0.00858974337275,        1140068935.26
    0.00871794849771,        1144273404.85
    0.00884615362268,        1147712840.24
    0.00897435874765,        1151152275.64
    0.00910256387261,        1153826676.83
    0.00923076899758,        1156501078.02
    0.00935897412255,        1158410445.02
    0.00948717924751,        1160319812.01
    0.00961538437248,        1161464144.81
    0.00974358949745,        1162608477.61
    0.00987179462241,         1162987776.2
    0.00999999974738,         1163367074.8
       1.18184372014,        1134689485.45
       2.35368744054,        1106011896.11
       3.52553116094,        1078748141.68
       4.69737488133,        1051484387.25
       5.86921860173,        1025564764.34
       7.04106232213,        999645141.434
       8.21290604252,        975003382.933
       9.38474976292,        950361624.433
       10.5565934833,        926934730.258
       11.7284372037,        903507836.084
       12.9002809241,        881235912.127
       14.0721246445,        858963988.169
       15.2439683649,        837790093.161
       16.4158120853,        816616198.153
       17.5876558057,         796486198.09
       18.7594995261,        776356198.026
       19.9313432465,        757218627.766
       21.1031869669,        738081057.506
       22.2750306873,        719886989.193
       23.4468744077,         701692920.88
       24.6187181281,         684395838.85
       25.7905618485,         667098756.82
       26.9624055689,        650654438.681
       28.1342492893,        634210120.542
       29.3060930097,        618576524.111
       30.4779367301,         602942927.68
       31.6497804505,        588080083.495
       32.8216241709,        573217239.311
       33.9934678913,        559087148.447
       35.1653116116,        544957057.584
        36.337155332,        531523594.503
       37.5089990524,        518090131.421
       38.6808427728,        505318951.607
       39.8526864932,        492547771.793
       41.0245302136,        480406223.952
        42.196373934,         468264676.11
       43.3682176544,        456721718.689
       44.5400613748,        445178761.267
       45.7119050952,        434204883.091
       46.8837488156,        423231004.915
        48.055592536,        412798149.742
       49.2274362564,        402365294.569
       50.3992799768,        392446789.355
       51.5711236972,        382528284.141
       52.7429674176,        373098770.851
        53.914811138,        363669257.561
       55.0866548584,        354704628.334
       56.2584985788,        345739999.107
       57.4303422992,        337217334.624
       58.6021860196,        328694670.142
         59.77402974,        320592181.028
       60.9458734604,        312489691.914
       62.1177171808,         304786663.03
       63.2895609012,        297083634.147
       64.4614046216,        289760371.631
        65.633248342,        282437109.115
       66.8050920624,        275474890.029
       67.9769357828,        268512670.943
       69.1487795032,        261893695.407
       70.3206232236,        255274719.872
       71.4924669439,        248982065.556
       72.6643106643,        242689411.241
       73.8361543847,        236706990.102
       75.0079981051,        230724568.962
       76.1798418255,        225037086.109
       77.3516855459,        219349603.255
       78.5235292663,        213942517.847
       79.6953729867,        208535432.439
       80.8672167071,        203394920.513
       82.0390604275,        198254408.587
       83.2109041479,         193367327.71
       84.3827478683,        188480246.833
       85.5545915887,        183834102.504
       86.7264353091,        179187958.175
       87.8982790295,        174770871.882
       89.0701227499,        170353785.588
       90.2419664703,        166154464.436
       91.4138101907,        161955143.283
       92.5856539111,        157962851.124
       93.7574976315,        153970558.965
       94.9293413519,         150175088.95
       96.1011850723,        146379618.935
       97.2730287927,        142771267.419
       98.4448725131,        139162915.902
       99.6167162335,        135732457.632
       100.788559954,        132301999.363
       101.960403674,        129040663.897
       103.132247395,        125779328.431
       104.304091115,        122678777.711
       105.475934835,        119578226.992
       106.647778556,        116630534.032
       107.819622276,        113682841.072
       108.991465997,        110880469.684
       110.163309717,        108078098.296
       111.335153437,        105413883.829
       112.506997158,        102749669.362
       113.678840878,        100216800.381
       114.850684599,        97683931.4008
       116.022528319,         95275932.276
       117.194372039,        92867933.1512
        118.36621576,        90578647.4979
        119.53805948,        88289361.8447
       120.709903201,        86112936.7864
       121.881746921,        83936511.7281
       123.053590641,        81867382.9319
       124.225434362,        79798254.1358
       125.397278082,        77831131.5868
       126.569121803,        75864009.0378
       127.740965523,        73993863.5141
       128.912809243,        72123717.9904
       130.084652964,        70345768.2054
       131.256496684,        68567818.4204
       132.428340405,        66877518.7985
       133.600184125,        65187219.1767
       134.772027845,        63580248.2324
       135.943871566,        61973277.2882
       137.115715286,        60445526.5772
       138.287559007,        58917775.8662
       139.459402727,        57465339.4818
       140.631246447,        56012903.0973
       141.803090168,        54632067.6842
       142.974933888,         53251232.271
       144.146777609,        51938467.5317
       145.318621329,        50625702.7924
       146.490465049,        49377652.4616
        147.66230877,        48129602.1309
        148.83415249,        46943075.3948
       150.005996211,        45756548.6587
       151.177839931,         44628511.997
       152.349683651,        43500475.3352
       153.521527372,        42428044.7655
       154.693371092,        41355614.1958
       155.865214813,        40336047.9005
       157.037058533,        39316481.6052
       158.208902253,        38347172.9215
       159.380745974,        37377864.2379
       160.552589694,        36456334.9936
       161.724433414,        35534805.7494
       162.896277135,        34658699.9272
       164.068120855,         33782594.105
       165.239964576,        32949671.8187
       166.411808296,        32116749.5323
       167.583652016,        31324881.3004
       168.755495737,        30533013.0685
       169.927339457,        29780174.3699
       171.099183178,        29027335.6713
       172.271026898,        28311601.7694
       173.442870618,        27595867.8676
       174.614714339,        26915408.8894
       175.786558059,        26234949.9111
        176.95840178,        25588026.1687
         178.1302455,        24941102.4263
        179.30208922,        24326059.9694
       180.473932941,        23711017.5125
       181.645776661,        23126283.8996
       182.817620382,        22541550.2867
       183.989464102,        21985630.5652
       185.161307822,        21429710.8437
       186.333151543,        20901183.7277
       187.504995263,        20372656.6117
       188.676838984,        19870170.8482
       189.848682704,        19367685.0847
       191.020526424,        18889955.9991
       192.192370145,        18412226.9135
       193.364213865,        17958033.1251
       194.536057586,        17503839.3367
       195.707901306,        17072019.6361
       196.879745026,        16640199.9354
       198.051588747,        16229650.3155
       199.223432467,        15819100.6955
       200.395276188,        15428771.5292
       201.567119908,        15038442.3629
       202.738963628,        14667335.7196
       203.910807349,        14296229.0762
       205.082651069,        13943396.1701
        206.25449479,        13590563.2641
        207.42633851,         13255102.029
        208.59818223,        12919640.7939
       209.770025951,        12600693.5766
       210.941869671,        12281746.3592
       212.113713392,        11978497.7269
       213.285557112,        11675249.0945
       214.457400832,        11386923.7498
       215.629244553,        11098598.4052
       216.801088273,        10824459.2045
       217.972931994,        10550320.0038
       219.144775714,        10289666.0721
       220.316619434,        10029012.1404
       221.488463155,        9781177.07984
       222.660306875,        9533342.01924
       223.832150596,        9297692.20498
       225.003994316,        9062042.39072
       226.175838036,        8837975.35134
       227.347681757,        8613908.31196
       228.519525477,        8400851.18897
       229.691369198,        8187794.06598
       230.863212918,        7985202.14927
       232.035056638,        7782610.23256
       233.206900359,        7589965.56777
       234.378744079,        7397320.90298
       235.550587799,        7214130.96729
        236.72243152,         7030941.0316
        237.89427524,        6856737.47451
       239.066118961,        6682533.91741
       240.237962681,        6516871.36334
       241.409806401,        6351208.80927
       242.581650122,        6193663.71891
       243.753493842,        6036118.62855
       244.925337563,          5886288.216
       246.097181283,        5736457.80345
       247.269025003,        5593959.00648
       248.440868724,         5451460.2095
       249.612712444,        5315928.71013
       250.784556165,        5180397.21077
       251.956399885,        5051486.50392
       253.128243605,        4922575.79708
       254.300087326,        4799956.30464
       255.471931046,         4677336.8122
       256.643774767,        4560695.04042
       257.815618487,        4444053.26863
       258.987462207,        4333091.00662
       260.159305928,        4222128.74461
       261.331149648,        4116562.30194
       262.502993369,        4010995.85928
       263.674837089,         3910555.3407
       264.846680809,        3810114.82211
        266.01852453,        3714543.43748
        267.19036825,        3618972.05286
       268.362211971,        3528025.46067
       269.534055691,        3437078.86849
       270.705899411,        3350524.55116
       271.877743132,        3263970.23383
       273.049586852,        3181586.90323
       274.221430573,        3099203.57263
       275.393274293,        3020780.60435
       276.565118013,        2942357.63606
       277.736961734,        2867694.53087
       278.908805454,        2793031.42569
       280.080649175,        2721937.29702
       281.252492895,        2650843.16835
       282.424336615,        2583136.25418
       283.596180336,        2515429.34002
       284.768024056,        2450936.53823
       285.939867777,        2386443.73645
       287.111711497,        2325000.16224
       288.283555217,        2263556.58804
       289.455398938,        2205005.15238
       290.627242658,        2146453.71673
       291.799086379,        2090644.72476
       292.970930099,        2034835.73279
       294.142773819,        1981626.50106
        295.31461754,        1928417.26934
        296.48646126,        1877671.76108
       297.658304981,        1826926.25281
       298.830148701,        1778514.73007
       300.001992421,        1730103.20733
       301.173836142,        1683901.89933
       302.345679862,        1637700.59134
       303.517523583,        1593591.37803
       304.689367303,        1549482.16472
       305.861211023,        1507352.27478
       307.033054744,        1465222.38483
       308.204898464,        1424964.10734
       309.376742184,        1384705.82984
       310.548585905,        1346216.23892
       311.720429625,          1307726.648
       312.892273346,        1270907.33968
       314.064117066,        1234088.03136
       315.235960786,        1198844.87195
       316.407804507,        1163601.71255
       317.579648227,        1129844.59804
       318.751491948,        1096087.48353
       319.923335668,        1063730.10916
       321.095179388,        1031372.73479
       322.267023109,        1000332.37445
       323.438866829,        969292.014104
        324.61071055,        939489.308795
        325.78255427,        909686.603486
        326.95439799,        881045.358458
       328.126241711,         852404.11343
       329.298085431,        824851.103365
       330.469929152,        797298.093299
       331.641772872,        770762.875102
       332.813616592,        744227.656905
       333.985460313,        718642.389607
       335.157304033,        693057.122309
       336.329147754,        668356.393623
       337.500991474,        643655.664936
       338.672835194,        619776.324021
       339.844678915,        595896.983105
       341.016522635,         572777.97911
       342.188366356,        549658.975115
       343.360210076,        527241.201097
       344.532053796,         504823.42708
       345.703897517,         483049.56889
       346.875741237,        461275.710699
       348.047584958,        440090.100444
       349.219428678,         418904.49019
       350.391272398,        398252.963918
       351.563116119,        377601.437645
       352.734959839,        357431.196862
        353.90680356,        337260.956079
        355.07864728,        317520.432765
          356.250491,         297779.90945
       357.422334721,        278418.634216
       358.594178441,        259057.358982
       359.766022162,        240025.832041
       360.937865882,          220994.3051
       362.109709602,        202243.869712
       363.281553323,        183493.434323
       364.453397043,        164976.152397
       365.625240764,         146458.87047
       366.797084484,        128127.400004
       367.968928204,        109795.929537
       369.140771925,         91603.403582
       370.312615645,        73410.8776269
       371.484459366,        55310.7844653
       372.656303086,        37210.6913037
       373.828146806,        19156.7555349
       374.999990527,         1102.8197661

