------------------------------------------------------------
 solve prev gen=8e21 reg.gen=1 dir.gen=x
------------------------------------------------------------
Position (um), Hole Charge Concentration (/cm3)
                   0,                9e+16
   0.000128205124966,    9.00000000086e+16
   0.000256410249933,    9.00000000171e+16
   0.000384615374899,    9.00000000253e+16
   0.000512820499866,    9.00000000336e+16
   0.000641025624832,    9.00000000415e+16
   0.000769230749798,    9.00000000494e+16
   0.000897435874765,    9.00000000569e+16
    0.00102564099973,    9.00000000645e+16
     0.0011538461247,    9.00000000718e+16
    0.00128205124966,     9.0000000079e+16
    0.00141025637463,    9.00000000859e+16
     0.0015384614996,    9.00000000929e+16
    0.00166666662456,    9.00000000995e+16
    0.00179487174953,    9.00000001061e+16
     0.0019230768745,    9.00000001123e+16
    0.00205128199946,    9.00000001186e+16
    0.00217948712443,    9.00000001246e+16
     0.0023076922494,    9.00000001305e+16
    0.00243589737436,    9.00000001362e+16
    0.00256410249933,    9.00000001418e+16
    0.00269230762429,    9.00000001471e+16
    0.00282051274926,    9.00000001525e+16
    0.00294871787423,    9.00000001575e+16
    0.00307692299919,    9.00000001625e+16
    0.00320512812416,    9.00000001671e+16
    0.00333333324913,    9.00000001718e+16
    0.00346153837409,    9.00000001762e+16
    0.00358974349906,    9.00000001806e+16
    0.00371794862403,    9.00000001846e+16
    0.00384615374899,    9.00000001886e+16
    0.00397435887396,    9.00000001924e+16
    0.00410256399892,    9.00000001961e+16
    0.00423076912389,    9.00000001995e+16
    0.00435897424886,    9.00000002029e+16
    0.00448717937382,     9.0000000206e+16
    0.00461538449879,    9.00000002091e+16
    0.00474358962376,    9.00000002119e+16
    0.00487179474872,    9.00000002147e+16
    0.00499999987369,    9.00000002171e+16
    0.00512820499866,    9.00000002196e+16
    0.00525641012362,    9.00000002218e+16
    0.00538461524859,    9.00000002239e+16
    0.00551282037355,    9.00000002257e+16
    0.00564102549852,    9.00000002276e+16
    0.00576923062349,    9.00000002291e+16
    0.00589743574845,    9.00000002306e+16
    0.00602564087342,    9.00000002318e+16
    0.00615384599839,     9.0000000233e+16
    0.00628205112335,    9.00000002339e+16
    0.00641025624832,    9.00000002348e+16
    0.00653846137329,    9.00000002353e+16
    0.00666666649825,    9.00000002359e+16
    0.00679487162322,    9.00000002361e+16
    0.00692307674819,    9.00000002364e+16
    0.00705128187315,    9.00000002363e+16
    0.00717948699812,    9.00000002362e+16
    0.00730769212308,    9.00000002359e+16
    0.00743589724805,    9.00000002355e+16
    0.00756410237302,    9.00000002348e+16
    0.00769230749798,    9.00000002341e+16
    0.00782051262295,     9.0000000233e+16
    0.00794871774792,     9.0000000232e+16
    0.00807692287288,    9.00000002306e+16
    0.00820512799785,    9.00000002293e+16
    0.00833333312282,    9.00000002276e+16
    0.00846153824778,     9.0000000226e+16
    0.00858974337275,     9.0000000224e+16
    0.00871794849771,     9.0000000222e+16
    0.00884615362268,    9.00000002197e+16
    0.00897435874765,    9.00000002173e+16
    0.00910256387261,    9.00000002147e+16
    0.00923076899758,    9.00000002121e+16
    0.00935897412255,    9.00000002091e+16
    0.00948717924751,    9.00000002061e+16
    0.00961538437248,    9.00000002029e+16
    0.00974358949745,    9.00000001996e+16
    0.00987179462241,    9.00000001959e+16
    0.00999999974738,    9.00000001923e+16
      0.902833310526,    9.00000001857e+16
        1.7956666213,    9.00000001791e+16
       2.68849993208,    9.00000001757e+16
       3.58133324286,    9.00000001723e+16
       4.47416655364,    9.00000001691e+16
       5.36699986442,    9.00000001658e+16
        6.2598331752,    9.00000001627e+16
       7.15266648598,    9.00000001596e+16
       8.04549979675,    9.00000001565e+16
       8.93833310753,    9.00000001535e+16
       9.83116641831,    9.00000001506e+16
       10.7239997291,    9.00000001477e+16
       11.6168330399,    9.00000001449e+16
       12.5096663506,    9.00000001421e+16
       13.4024996614,    9.00000001395e+16
       14.2953329722,    9.00000001368e+16
        15.188166283,    9.00000001342e+16
       16.0809995938,    9.00000001316e+16
       16.9738329045,    9.00000001291e+16
       17.8666662153,    9.00000001266e+16
       18.7594995261,    9.00000001242e+16
       19.6523328369,    9.00000001218e+16
       20.5451661477,    9.00000001195e+16
       21.4379994584,    9.00000001172e+16
       22.3308327692,     9.0000000115e+16
         23.22366608,    9.00000001128e+16
       24.1164993908,    9.00000001107e+16
       25.0093327015,    9.00000001085e+16
       25.9021660123,    9.00000001065e+16
       26.7949993231,    9.00000001044e+16
       27.6878326339,    9.00000001025e+16
       28.5806659447,    9.00000001005e+16
       29.4734992554,    9.00000000986e+16
       30.3663325662,    9.00000000967e+16
        31.259165877,    9.00000000949e+16
       32.1519991878,     9.0000000093e+16
       33.0448324986,    9.00000000913e+16
       33.9376658093,    9.00000000895e+16
       34.8304991201,    9.00000000878e+16
       35.7233324309,    9.00000000861e+16
       36.6161657417,    9.00000000845e+16
       37.5089990524,    9.00000000829e+16
       38.4018323632,    9.00000000813e+16
        39.294665674,    9.00000000798e+16
       40.1874989848,    9.00000000783e+16
       41.0803322956,    9.00000000767e+16
       41.9731656063,    9.00000000753e+16
       42.8659989171,    9.00000000738e+16
       43.7588322279,    9.00000000725e+16
       44.6516655387,    9.00000000711e+16
       45.5444988494,    9.00000000697e+16
       46.4373321602,    9.00000000684e+16
        47.330165471,    9.00000000671e+16
       48.2229987818,    9.00000000658e+16
       49.1158320926,    9.00000000645e+16
       50.0086654033,    9.00000000633e+16
       50.9014987141,    9.00000000621e+16
       51.7943320249,    9.00000000609e+16
       52.6871653357,    9.00000000598e+16
       53.5799986465,    9.00000000586e+16
       54.4728319572,    9.00000000575e+16
        55.365665268,    9.00000000564e+16
       56.2584985788,    9.00000000553e+16
       57.1513318896,    9.00000000543e+16
       58.0441652003,    9.00000000532e+16
       58.9369985111,    9.00000000522e+16
       59.8298318219,    9.00000000512e+16
       60.7226651327,    9.00000000502e+16
       61.6154984435,    9.00000000493e+16
       62.5083317542,    9.00000000483e+16
        63.401165065,    9.00000000474e+16
       64.2939983758,    9.00000000465e+16
       65.1868316866,    9.00000000456e+16
       66.0796649974,    9.00000000448e+16
       66.9724983081,    9.00000000439e+16
       67.8653316189,    9.00000000431e+16
       68.7581649297,    9.00000000423e+16
       69.6509982405,    9.00000000414e+16
       70.5438315512,    9.00000000407e+16
        71.436664862,    9.00000000399e+16
       72.3294981728,    9.00000000391e+16
       73.2223314836,    9.00000000384e+16
       74.1151647944,    9.00000000376e+16
       75.0079981051,    9.00000000369e+16
       75.9008314159,    9.00000000362e+16
       76.7936647267,    9.00000000355e+16
       77.6864980375,    9.00000000348e+16
       78.5793313483,    9.00000000342e+16
        79.472164659,    9.00000000335e+16
       80.3649979698,    9.00000000329e+16
       81.2578312806,    9.00000000323e+16
       82.1506645914,    9.00000000316e+16
       83.0434979021,     9.0000000031e+16
       83.9363312129,    9.00000000304e+16
       84.8291645237,    9.00000000299e+16
       85.7219978345,    9.00000000293e+16
       86.6148311453,    9.00000000287e+16
        87.507664456,    9.00000000282e+16
       88.4004977668,    9.00000000277e+16
       89.2933310776,    9.00000000271e+16
       90.1861643884,    9.00000000266e+16
       91.0789976992,    9.00000000261e+16
       91.9718310099,    9.00000000256e+16
       92.8646643207,    9.00000000251e+16
       93.7574976315,    9.00000000246e+16
       94.6503309423,    9.00000000242e+16
        95.543164253,    9.00000000237e+16
       96.4359975638,    9.00000000233e+16
       97.3288308746,    9.00000000228e+16
       98.2216641854,    9.00000000224e+16
       99.1144974962,    9.00000000219e+16
       100.007330807,    9.00000000215e+16
       100.900164118,    9.00000000211e+16
       101.792997428,    9.00000000207e+16
       102.685830739,    9.00000000203e+16
        103.57866405,    9.00000000199e+16
       104.471497361,    9.00000000196e+16
       105.364330672,    9.00000000192e+16
       106.257163982,    9.00000000188e+16
       107.149997293,    9.00000000185e+16
       108.042830604,    9.00000000181e+16
       108.935663915,    9.00000000178e+16
       109.828497225,    9.00000000174e+16
       110.721330536,    9.00000000171e+16
       111.614163847,    9.00000000168e+16
       112.506997158,    9.00000000164e+16
       113.399830469,    9.00000000161e+16
       114.292663779,    9.00000000158e+16
        115.18549709,    9.00000000155e+16
       116.078330401,    9.00000000152e+16
       116.971163712,    9.00000000149e+16
       117.863997023,    9.00000000146e+16
       118.756830333,    9.00000000144e+16
       119.649663644,    9.00000000141e+16
       120.542496955,    9.00000000138e+16
       121.435330266,    9.00000000136e+16
       122.328163576,    9.00000000133e+16
       123.220996887,     9.0000000013e+16
       124.113830198,    9.00000000128e+16
       125.006663509,    9.00000000126e+16
        125.89949682,    9.00000000123e+16
        126.79233013,    9.00000000121e+16
       127.685163441,    9.00000000119e+16
       128.577996752,    9.00000000116e+16
       129.470830063,    9.00000000114e+16
       130.363663373,    9.00000000112e+16
       131.256496684,     9.0000000011e+16
       132.149329995,    9.00000000108e+16
       133.042163306,    9.00000000106e+16
       133.934996617,    9.00000000104e+16
       134.827829927,    9.00000000102e+16
       135.720663238,      9.000000001e+16
       136.613496549,    9.00000000098e+16
        137.50632986,    9.00000000096e+16
        138.39916317,    9.00000000094e+16
       139.291996481,    9.00000000092e+16
       140.184829792,    9.00000000091e+16
       141.077663103,    9.00000000089e+16
       141.970496414,    9.00000000087e+16
       142.863329724,    9.00000000085e+16
       143.756163035,    9.00000000084e+16
       144.648996346,    9.00000000082e+16
       145.541829657,    9.00000000081e+16
       146.434662967,    9.00000000079e+16
       147.327496278,    9.00000000078e+16
       148.220329589,    9.00000000076e+16
         149.1131629,    9.00000000075e+16
       150.005996211,    9.00000000073e+16
       150.898829521,    9.00000000072e+16
       151.791662832,     9.0000000007e+16
       152.684496143,    9.00000000069e+16
       153.577329454,    9.00000000068e+16
       154.470162764,    9.00000000067e+16
       155.362996075,    9.00000000065e+16
       156.255829386,    9.00000000064e+16
       157.148662697,    9.00000000063e+16
       158.041496008,    9.00000000062e+16
       158.934329318,     9.0000000006e+16
       159.827162629,    9.00000000059e+16
        160.71999594,    9.00000000058e+16
       161.612829251,    9.00000000057e+16
       162.505662561,    9.00000000056e+16
       163.398495872,    9.00000000055e+16
       164.291329183,    9.00000000054e+16
       165.184162494,    9.00000000053e+16
       166.076995805,    9.00000000052e+16
       166.969829115,    9.00000000051e+16
       167.862662426,     9.0000000005e+16
       168.755495737,    9.00000000049e+16
       169.648329048,    9.00000000048e+16
       170.541162358,    9.00000000047e+16
       171.433995669,    9.00000000046e+16
        172.32682898,    9.00000000045e+16
       173.219662291,    9.00000000044e+16
       174.112495602,    9.00000000044e+16
       175.005328912,    9.00000000043e+16
       175.898162223,    9.00000000042e+16
       176.790995534,    9.00000000041e+16
       177.683828845,     9.0000000004e+16
       178.576662155,     9.0000000004e+16
       179.469495466,    9.00000000039e+16
       180.362328777,    9.00000000038e+16
       181.255162088,    9.00000000037e+16
       182.147995399,    9.00000000037e+16
       183.040828709,    9.00000000036e+16
        183.93366202,    9.00000000035e+16
       184.826495331,    9.00000000035e+16
       185.719328642,    9.00000000034e+16
       186.612161952,    9.00000000033e+16
       187.504995263,    9.00000000033e+16
       188.397828574,    9.00000000032e+16
       189.290661885,    9.00000000031e+16
       190.183495196,    9.00000000031e+16
       191.076328506,     9.0000000003e+16
       191.969161817,     9.0000000003e+16
       192.861995128,    9.00000000029e+16
       193.754828439,    9.00000000028e+16
       194.647661749,    9.00000000028e+16
        195.54049506,    9.00000000027e+16
       196.433328371,    9.00000000027e+16
       197.326161682,    9.00000000026e+16
       198.218994993,    9.00000000026e+16
       199.111828303,    9.00000000025e+16
       200.004661614,    9.00000000025e+16
       200.897494925,    9.00000000024e+16
       201.790328236,    9.00000000024e+16
       202.683161546,    9.00000000023e+16
       203.575994857,    9.00000000023e+16
       204.468828168,    9.00000000023e+16
       205.361661479,    9.00000000022e+16
        206.25449479,    9.00000000022e+16
         207.1473281,    9.00000000021e+16
       208.040161411,    9.00000000021e+16
       208.932994722,    9.00000000021e+16
       209.825828033,     9.0000000002e+16
       210.718661343,     9.0000000002e+16
       211.611494654,    9.00000000019e+16
       212.504327965,    9.00000000019e+16
       213.397161276,    9.00000000019e+16
       214.289994587,    9.00000000018e+16
       215.182827897,    9.00000000018e+16
       216.075661208,    9.00000000018e+16
       216.968494519,    9.00000000017e+16
        217.86132783,    9.00000000017e+16
        218.75416114,    9.00000000017e+16
       219.646994451,    9.00000000016e+16
       220.539827762,    9.00000000016e+16
       221.432661073,    9.00000000016e+16
       222.325494384,    9.00000000015e+16
       223.218327694,    9.00000000015e+16
       224.111161005,    9.00000000015e+16
       225.003994316,    9.00000000015e+16
       225.896827627,    9.00000000014e+16
       226.789660937,    9.00000000014e+16
       227.682494248,    9.00000000014e+16
       228.575327559,    9.00000000013e+16
        229.46816087,    9.00000000013e+16
       230.360994181,    9.00000000013e+16
       231.253827491,    9.00000000013e+16
       232.146660802,    9.00000000012e+16
       233.039494113,    9.00000000012e+16
       233.932327424,    9.00000000012e+16
       234.825160734,    9.00000000012e+16
       235.717994045,    9.00000000012e+16
       236.610827356,    9.00000000011e+16
       237.503660667,    9.00000000011e+16
       238.396493978,    9.00000000011e+16
       239.289327288,    9.00000000011e+16
       240.182160599,     9.0000000001e+16
        241.07499391,     9.0000000001e+16
       241.967827221,     9.0000000001e+16
       242.860660531,     9.0000000001e+16
       243.753493842,     9.0000000001e+16
       244.646327153,    9.00000000009e+16
       245.539160464,    9.00000000009e+16
       246.431993775,    9.00000000009e+16
       247.324827085,    9.00000000009e+16
       248.217660396,    9.00000000009e+16
       249.110493707,    9.00000000009e+16
       250.003327018,    9.00000000008e+16
       250.896160328,    9.00000000008e+16
       251.788993639,    9.00000000008e+16
        252.68182695,    9.00000000008e+16
       253.574660261,    9.00000000008e+16
       254.467493572,    9.00000000008e+16
       255.360326882,    9.00000000008e+16
       256.253160193,    9.00000000007e+16
       257.145993504,    9.00000000007e+16
       258.038826815,    9.00000000007e+16
       258.931660126,    9.00000000007e+16
       259.824493436,    9.00000000007e+16
       260.717326747,    9.00000000007e+16
       261.610160058,    9.00000000007e+16
       262.502993369,    9.00000000006e+16
       263.395826679,    9.00000000006e+16
        264.28865999,    9.00000000006e+16
       265.181493301,    9.00000000006e+16
       266.074326612,    9.00000000006e+16
       266.967159923,    9.00000000006e+16
       267.859993233,    9.00000000006e+16
       268.752826544,    9.00000000006e+16
       269.645659855,    9.00000000005e+16
       270.538493166,    9.00000000005e+16
       271.431326476,    9.00000000005e+16
       272.324159787,    9.00000000005e+16
       273.216993098,    9.00000000005e+16
       274.109826409,    9.00000000005e+16
        275.00265972,    9.00000000005e+16
        275.89549303,    9.00000000005e+16
       276.788326341,    9.00000000005e+16
       277.681159652,    9.00000000005e+16
       278.573992963,    9.00000000005e+16
       279.466826273,    9.00000000004e+16
       280.359659584,    9.00000000004e+16
       281.252492895,    9.00000000004e+16
       282.145326206,    9.00000000004e+16
       283.038159517,    9.00000000004e+16
       283.930992827,    9.00000000004e+16
       284.823826138,    9.00000000004e+16
       285.716659449,    9.00000000004e+16
        286.60949276,    9.00000000004e+16
        287.50232607,    9.00000000004e+16
       288.395159381,    9.00000000004e+16
       289.287992692,    9.00000000004e+16
       290.180826003,    9.00000000003e+16
       291.073659314,    9.00000000003e+16
       291.966492624,    9.00000000003e+16
       292.859325935,    9.00000000003e+16
       293.752159246,    9.00000000003e+16
       294.644992557,    9.00000000003e+16
       295.537825867,    9.00000000003e+16
       296.430659178,    9.00000000003e+16
       297.323492489,    9.00000000003e+16
         298.2163258,    9.00000000003e+16
       299.109159111,    9.00000000003e+16
       300.001992421,    9.00000000003e+16
       300.894825732,    9.00000000003e+16
       301.787659043,    9.00000000003e+16
       302.680492354,    9.00000000003e+16
       303.573325664,    9.00000000003e+16
       304.466158975,    9.00000000003e+16
       305.358992286,    9.00000000002e+16
       306.251825597,    9.00000000002e+16
       307.144658908,    9.00000000002e+16
       308.037492218,    9.00000000002e+16
       308.930325529,    9.00000000002e+16
        309.82315884,    9.00000000002e+16
       310.715992151,    9.00000000002e+16
       311.608825461,    9.00000000002e+16
       312.501658772,    9.00000000002e+16
       313.394492083,    9.00000000002e+16
       314.287325394,    9.00000000002e+16
       315.180158705,    9.00000000002e+16
       316.072992015,    9.00000000002e+16
       316.965825326,    9.00000000002e+16
       317.858658637,    9.00000000002e+16
       318.751491948,    9.00000000002e+16
       319.644325258,    9.00000000002e+16
       320.537158569,    9.00000000002e+16
        321.42999188,    9.00000000002e+16
       322.322825191,    9.00000000002e+16
       323.215658502,    9.00000000002e+16
       324.108491812,    9.00000000002e+16
       325.001325123,    9.00000000001e+16
       325.894158434,    9.00000000001e+16
       326.786991745,    9.00000000001e+16
       327.679825055,    9.00000000001e+16
       328.572658366,    9.00000000001e+16
       329.465491677,    9.00000000001e+16
       330.358324988,    9.00000000001e+16
       331.251158299,    9.00000000001e+16
       332.143991609,    9.00000000001e+16
        333.03682492,    9.00000000001e+16
       333.929658231,    9.00000000001e+16
       334.822491542,    9.00000000001e+16
       335.715324852,    9.00000000001e+16
       336.608158163,    9.00000000001e+16
       337.500991474,    9.00000000001e+16
       338.393824785,    9.00000000001e+16
       339.286658096,    9.00000000001e+16
       340.179491406,    9.00000000001e+16
       341.072324717,    9.00000000001e+16
       341.965158028,    9.00000000001e+16
       342.857991339,    9.00000000001e+16
       343.750824649,    9.00000000001e+16
        344.64365796,    9.00000000001e+16
       345.536491271,    9.00000000001e+16
       346.429324582,    9.00000000001e+16
       347.322157893,    9.00000000001e+16
       348.214991203,    9.00000000001e+16
       349.107824514,    9.00000000001e+16
       350.000657825,    9.00000000001e+16
       350.893491136,    9.00000000001e+16
       351.786324446,    9.00000000001e+16
       352.679157757,    9.00000000001e+16
       353.571991068,    9.00000000001e+16
       354.464824379,    9.00000000001e+16
        355.35765769,    9.00000000001e+16
          356.250491,                9e+16
       357.143324311,                9e+16
       358.036157622,                9e+16
       358.928990933,                9e+16
       359.821824243,                9e+16
       360.714657554,                9e+16
       361.607490865,                9e+16
       362.500324176,                9e+16
       363.393157487,                9e+16
       364.285990797,                9e+16
       365.178824108,                9e+16
       366.071657419,                9e+16
        366.96449073,                9e+16
        367.85732404,                9e+16
       368.750157351,                9e+16
       369.642990662,                9e+16
       370.535823973,                9e+16
       371.428657284,                9e+16
       372.321490594,                9e+16
       373.214323905,                9e+16
       374.107157216,                9e+16
       374.999990527,                9e+16

